,FeaturesAcharya__emd_0_FeatureFractalDimensionHigushi,FeaturesAcharya__emd_0_FeatureInterquartileRange,FeaturesAcharya__emd_0_FeatureMeanAbsoluteDeviation,FeaturesAcharya__emd_0_FeatureMeanEnergy,FeaturesAcharya__emd_0_FeatureTeagerKaiserEnergy,FeaturesAcharya__emd_0_FeatureSampleEntropy,FeaturesAcharya__emd_0_FeatureStandardDeviation,FeaturesAcharya_a_emd_0_FeatureFractalDimensionHigushi,FeaturesAcharya_a_emd_0_FeatureInterquartileRange,FeaturesAcharya_a_emd_0_FeatureMeanAbsoluteDeviation,FeaturesAcharya_a_emd_0_FeatureMeanEnergy,FeaturesAcharya_a_emd_0_FeatureTeagerKaiserEnergy,FeaturesAcharya_a_emd_0_FeatureSampleEntropy,FeaturesAcharya_a_emd_0_FeatureStandardDeviation,FeaturesAcharya_aa_emd_0_FeatureFractalDimensionHigushi,FeaturesAcharya_aa_emd_0_FeatureInterquartileRange,FeaturesAcharya_aa_emd_0_FeatureMeanAbsoluteDeviation,FeaturesAcharya_aa_emd_0_FeatureMeanEnergy,FeaturesAcharya_aa_emd_0_FeatureTeagerKaiserEnergy,FeaturesAcharya_aa_emd_0_FeatureSampleEntropy,FeaturesAcharya_aa_emd_0_FeatureStandardDeviation,FeaturesAcharya_aaa_emd_0_FeatureFractalDimensionHigushi,FeaturesAcharya_aaa_emd_0_FeatureInterquartileRange,FeaturesAcharya_aaa_emd_0_FeatureMeanAbsoluteDeviation,FeaturesAcharya_aaa_emd_0_FeatureMeanEnergy,FeaturesAcharya_aaa_emd_0_FeatureTeagerKaiserEnergy,FeaturesAcharya_aaa_emd_0_FeatureSampleEntropy,FeaturesAcharya_aaa_emd_0_FeatureStandardDeviation,FeaturesAcharya_aaaa_emd_0_FeatureFractalDimensionHigushi,FeaturesAcharya_aaaa_emd_0_FeatureInterquartileRange,FeaturesAcharya_aaaa_emd_0_FeatureMeanAbsoluteDeviation,FeaturesAcharya_aaaa_emd_0_FeatureMeanEnergy,FeaturesAcharya_aaaa_emd_0_FeatureTeagerKaiserEnergy,FeaturesAcharya_aaaa_emd_0_FeatureSampleEntropy,FeaturesAcharya_aaaa_emd_0_FeatureStandardDeviation,FeaturesAcharya_aaaaa_emd_0_FeatureFractalDimensionHigushi,FeaturesAcharya_aaaaa_emd_0_FeatureInterquartileRange,FeaturesAcharya_aaaaa_emd_0_FeatureMeanAbsoluteDeviation,FeaturesAcharya_aaaaa_emd_0_FeatureMeanEnergy,FeaturesAcharya_aaaaa_emd_0_FeatureTeagerKaiserEnergy,FeaturesAcharya_aaaaa_emd_0_FeatureSampleEntropy,FeaturesAcharya_aaaaa_emd_0_FeatureStandardDeviation,FeaturesAcharya_aaaaaa_emd_0_FeatureFractalDimensionHigushi,FeaturesAcharya_aaaaaa_emd_0_FeatureInterquartileRange,FeaturesAcharya_aaaaaa_emd_0_FeatureMeanAbsoluteDeviation,FeaturesAcharya_aaaaaa_emd_0_FeatureMeanEnergy,FeaturesAcharya_aaaaaa_emd_0_FeatureTeagerKaiserEnergy,FeaturesAcharya_aaaaaa_emd_0_FeatureSampleEntropy,FeaturesAcharya_aaaaaa_emd_0_FeatureStandardDeviation,FeaturesAcharya_d_emd_0_FeatureFractalDimensionHigushi,FeaturesAcharya_d_emd_0_FeatureInterquartileRange,FeaturesAcharya_d_emd_0_FeatureMeanAbsoluteDeviation,FeaturesAcharya_d_emd_0_FeatureMeanEnergy,FeaturesAcharya_d_emd_0_FeatureTeagerKaiserEnergy,FeaturesAcharya_d_emd_0_FeatureSampleEntropy,FeaturesAcharya_d_emd_0_FeatureStandardDeviation,FeaturesAcharya_ad_emd_0_FeatureFractalDimensionHigushi,FeaturesAcharya_ad_emd_0_FeatureInterquartileRange,FeaturesAcharya_ad_emd_0_FeatureMeanAbsoluteDeviation,FeaturesAcharya_ad_emd_0_FeatureMeanEnergy,FeaturesAcharya_ad_emd_0_FeatureTeagerKaiserEnergy,FeaturesAcharya_ad_emd_0_FeatureSampleEntropy,FeaturesAcharya_ad_emd_0_FeatureStandardDeviation,FeaturesAcharya_aad_emd_0_FeatureFractalDimensionHigushi,FeaturesAcharya_aad_emd_0_FeatureInterquartileRange,FeaturesAcharya_aad_emd_0_FeatureMeanAbsoluteDeviation,FeaturesAcharya_aad_emd_0_FeatureMeanEnergy,FeaturesAcharya_aad_emd_0_FeatureTeagerKaiserEnergy,FeaturesAcharya_aad_emd_0_FeatureSampleEntropy,FeaturesAcharya_aad_emd_0_FeatureStandardDeviation,FeaturesAcharya_aaad_emd_0_FeatureFractalDimensionHigushi,FeaturesAcharya_aaad_emd_0_FeatureInterquartileRange,FeaturesAcharya_aaad_emd_0_FeatureMeanAbsoluteDeviation,FeaturesAcharya_aaad_emd_0_FeatureMeanEnergy,FeaturesAcharya_aaad_emd_0_FeatureTeagerKaiserEnergy,FeaturesAcharya_aaad_emd_0_FeatureSampleEntropy,FeaturesAcharya_aaad_emd_0_FeatureStandardDeviation,FeaturesAcharya_aaaad_emd_0_FeatureFractalDimensionHigushi,FeaturesAcharya_aaaad_emd_0_FeatureInterquartileRange,FeaturesAcharya_aaaad_emd_0_FeatureMeanAbsoluteDeviation,FeaturesAcharya_aaaad_emd_0_FeatureMeanEnergy,FeaturesAcharya_aaaad_emd_0_FeatureTeagerKaiserEnergy,FeaturesAcharya_aaaad_emd_0_FeatureSampleEntropy,FeaturesAcharya_aaaad_emd_0_FeatureStandardDeviation,FeaturesAcharya__emd_1_FeatureFractalDimensionHigushi,FeaturesAcharya__emd_1_FeatureInterquartileRange,FeaturesAcharya__emd_1_FeatureMeanAbsoluteDeviation,FeaturesAcharya__emd_1_FeatureMeanEnergy,FeaturesAcharya__emd_1_FeatureTeagerKaiserEnergy,FeaturesAcharya__emd_1_FeatureSampleEntropy,FeaturesAcharya__emd_1_FeatureStandardDeviation,FeaturesAcharya_a_emd_1_FeatureFractalDimensionHigushi,FeaturesAcharya_a_emd_1_FeatureInterquartileRange,FeaturesAcharya_a_emd_1_FeatureMeanAbsoluteDeviation,FeaturesAcharya_a_emd_1_FeatureMeanEnergy,FeaturesAcharya_a_emd_1_FeatureTeagerKaiserEnergy,FeaturesAcharya_a_emd_1_FeatureSampleEntropy,FeaturesAcharya_a_emd_1_FeatureStandardDeviation,FeaturesAcharya_aa_emd_1_FeatureFractalDimensionHigushi,FeaturesAcharya_aa_emd_1_FeatureInterquartileRange,FeaturesAcharya_aa_emd_1_FeatureMeanAbsoluteDeviation,FeaturesAcharya_aa_emd_1_FeatureMeanEnergy,FeaturesAcharya_aa_emd_1_FeatureTeagerKaiserEnergy,FeaturesAcharya_aa_emd_1_FeatureSampleEntropy,FeaturesAcharya_aa_emd_1_FeatureStandardDeviation,FeaturesAcharya_aaa_emd_1_FeatureFractalDimensionHigushi,FeaturesAcharya_aaa_emd_1_FeatureInterquartileRange,FeaturesAcharya_aaa_emd_1_FeatureMeanAbsoluteDeviation,FeaturesAcharya_aaa_emd_1_FeatureMeanEnergy,FeaturesAcharya_aaa_emd_1_FeatureTeagerKaiserEnergy,FeaturesAcharya_aaa_emd_1_FeatureSampleEntropy,FeaturesAcharya_aaa_emd_1_FeatureStandardDeviation,FeaturesAcharya_aaaa_emd_1_FeatureFractalDimensionHigushi,FeaturesAcharya_aaaa_emd_1_FeatureInterquartileRange,FeaturesAcharya_aaaa_emd_1_FeatureMeanAbsoluteDeviation,FeaturesAcharya_aaaa_emd_1_FeatureMeanEnergy,FeaturesAcharya_aaaa_emd_1_FeatureTeagerKaiserEnergy,FeaturesAcharya_aaaa_emd_1_FeatureSampleEntropy,FeaturesAcharya_aaaa_emd_1_FeatureStandardDeviation,FeaturesAcharya_aaaaa_emd_1_FeatureFractalDimensionHigushi,FeaturesAcharya_aaaaa_emd_1_FeatureInterquartileRange,FeaturesAcharya_aaaaa_emd_1_FeatureMeanAbsoluteDeviation,FeaturesAcharya_aaaaa_emd_1_FeatureMeanEnergy,FeaturesAcharya_aaaaa_emd_1_FeatureTeagerKaiserEnergy,FeaturesAcharya_aaaaa_emd_1_FeatureSampleEntropy,FeaturesAcharya_aaaaa_emd_1_FeatureStandardDeviation,FeaturesAcharya_aaaaaa_emd_1_FeatureFractalDimensionHigushi,FeaturesAcharya_aaaaaa_emd_1_FeatureInterquartileRange,FeaturesAcharya_aaaaaa_emd_1_FeatureMeanAbsoluteDeviation,FeaturesAcharya_aaaaaa_emd_1_FeatureMeanEnergy,FeaturesAcharya_aaaaaa_emd_1_FeatureTeagerKaiserEnergy,FeaturesAcharya_aaaaaa_emd_1_FeatureSampleEntropy,FeaturesAcharya_aaaaaa_emd_1_FeatureStandardDeviation,FeaturesAcharya_d_emd_1_FeatureFractalDimensionHigushi,FeaturesAcharya_d_emd_1_FeatureInterquartileRange,FeaturesAcharya_d_emd_1_FeatureMeanAbsoluteDeviation,FeaturesAcharya_d_emd_1_FeatureMeanEnergy,FeaturesAcharya_d_emd_1_FeatureTeagerKaiserEnergy,FeaturesAcharya_d_emd_1_FeatureSampleEntropy,FeaturesAcharya_d_emd_1_FeatureStandardDeviation,FeaturesAcharya_ad_emd_1_FeatureFractalDimensionHigushi,FeaturesAcharya_ad_emd_1_FeatureInterquartileRange,FeaturesAcharya_ad_emd_1_FeatureMeanAbsoluteDeviation,FeaturesAcharya_ad_emd_1_FeatureMeanEnergy,FeaturesAcharya_ad_emd_1_FeatureTeagerKaiserEnergy,FeaturesAcharya_ad_emd_1_FeatureSampleEntropy,FeaturesAcharya_ad_emd_1_FeatureStandardDeviation,FeaturesAcharya_aad_emd_1_FeatureFractalDimensionHigushi,FeaturesAcharya_aad_emd_1_FeatureInterquartileRange,FeaturesAcharya_aad_emd_1_FeatureMeanAbsoluteDeviation,FeaturesAcharya_aad_emd_1_FeatureMeanEnergy,FeaturesAcharya_aad_emd_1_FeatureTeagerKaiserEnergy,FeaturesAcharya_aad_emd_1_FeatureSampleEntropy,FeaturesAcharya_aad_emd_1_FeatureStandardDeviation,FeaturesAcharya_aaad_emd_1_FeatureFractalDimensionHigushi,FeaturesAcharya_aaad_emd_1_FeatureInterquartileRange,FeaturesAcharya_aaad_emd_1_FeatureMeanAbsoluteDeviation,FeaturesAcharya_aaad_emd_1_FeatureMeanEnergy,FeaturesAcharya_aaad_emd_1_FeatureTeagerKaiserEnergy,FeaturesAcharya_aaad_emd_1_FeatureSampleEntropy,FeaturesAcharya_aaad_emd_1_FeatureStandardDeviation,FeaturesAcharya_aaaad_emd_1_FeatureFractalDimensionHigushi,FeaturesAcharya_aaaad_emd_1_FeatureInterquartileRange,FeaturesAcharya_aaaad_emd_1_FeatureMeanAbsoluteDeviation,FeaturesAcharya_aaaad_emd_1_FeatureMeanEnergy,FeaturesAcharya_aaaad_emd_1_FeatureTeagerKaiserEnergy,FeaturesAcharya_aaaad_emd_1_FeatureSampleEntropy,FeaturesAcharya_aaaad_emd_1_FeatureStandardDeviation,FeaturesAcharya__emd_2_FeatureFractalDimensionHigushi,FeaturesAcharya__emd_2_FeatureInterquartileRange,FeaturesAcharya__emd_2_FeatureMeanAbsoluteDeviation,FeaturesAcharya__emd_2_FeatureMeanEnergy,FeaturesAcharya__emd_2_FeatureTeagerKaiserEnergy,FeaturesAcharya__emd_2_FeatureSampleEntropy,FeaturesAcharya__emd_2_FeatureStandardDeviation,FeaturesAcharya_a_emd_2_FeatureFractalDimensionHigushi,FeaturesAcharya_a_emd_2_FeatureInterquartileRange,FeaturesAcharya_a_emd_2_FeatureMeanAbsoluteDeviation,FeaturesAcharya_a_emd_2_FeatureMeanEnergy,FeaturesAcharya_a_emd_2_FeatureTeagerKaiserEnergy,FeaturesAcharya_a_emd_2_FeatureSampleEntropy,FeaturesAcharya_a_emd_2_FeatureStandardDeviation,FeaturesAcharya_aa_emd_2_FeatureFractalDimensionHigushi,FeaturesAcharya_aa_emd_2_FeatureInterquartileRange,FeaturesAcharya_aa_emd_2_FeatureMeanAbsoluteDeviation,FeaturesAcharya_aa_emd_2_FeatureMeanEnergy,FeaturesAcharya_aa_emd_2_FeatureTeagerKaiserEnergy,FeaturesAcharya_aa_emd_2_FeatureSampleEntropy,FeaturesAcharya_aa_emd_2_FeatureStandardDeviation,FeaturesAcharya_aaa_emd_2_FeatureFractalDimensionHigushi,FeaturesAcharya_aaa_emd_2_FeatureInterquartileRange,FeaturesAcharya_aaa_emd_2_FeatureMeanAbsoluteDeviation,FeaturesAcharya_aaa_emd_2_FeatureMeanEnergy,FeaturesAcharya_aaa_emd_2_FeatureTeagerKaiserEnergy,FeaturesAcharya_aaa_emd_2_FeatureSampleEntropy,FeaturesAcharya_aaa_emd_2_FeatureStandardDeviation,FeaturesAcharya_aaaa_emd_2_FeatureFractalDimensionHigushi,FeaturesAcharya_aaaa_emd_2_FeatureInterquartileRange,FeaturesAcharya_aaaa_emd_2_FeatureMeanAbsoluteDeviation,FeaturesAcharya_aaaa_emd_2_FeatureMeanEnergy,FeaturesAcharya_aaaa_emd_2_FeatureTeagerKaiserEnergy,FeaturesAcharya_aaaa_emd_2_FeatureSampleEntropy,FeaturesAcharya_aaaa_emd_2_FeatureStandardDeviation,FeaturesAcharya_aaaaa_emd_2_FeatureFractalDimensionHigushi,FeaturesAcharya_aaaaa_emd_2_FeatureInterquartileRange,FeaturesAcharya_aaaaa_emd_2_FeatureMeanAbsoluteDeviation,FeaturesAcharya_aaaaa_emd_2_FeatureMeanEnergy,FeaturesAcharya_aaaaa_emd_2_FeatureTeagerKaiserEnergy,FeaturesAcharya_aaaaa_emd_2_FeatureSampleEntropy,FeaturesAcharya_aaaaa_emd_2_FeatureStandardDeviation,FeaturesAcharya_aaaaaa_emd_2_FeatureFractalDimensionHigushi,FeaturesAcharya_aaaaaa_emd_2_FeatureInterquartileRange,FeaturesAcharya_aaaaaa_emd_2_FeatureMeanAbsoluteDeviation,FeaturesAcharya_aaaaaa_emd_2_FeatureMeanEnergy,FeaturesAcharya_aaaaaa_emd_2_FeatureTeagerKaiserEnergy,FeaturesAcharya_aaaaaa_emd_2_FeatureSampleEntropy,FeaturesAcharya_aaaaaa_emd_2_FeatureStandardDeviation,FeaturesAcharya_d_emd_2_FeatureFractalDimensionHigushi,FeaturesAcharya_d_emd_2_FeatureInterquartileRange,FeaturesAcharya_d_emd_2_FeatureMeanAbsoluteDeviation,FeaturesAcharya_d_emd_2_FeatureMeanEnergy,FeaturesAcharya_d_emd_2_FeatureTeagerKaiserEnergy,FeaturesAcharya_d_emd_2_FeatureSampleEntropy,FeaturesAcharya_d_emd_2_FeatureStandardDeviation,FeaturesAcharya_ad_emd_2_FeatureFractalDimensionHigushi,FeaturesAcharya_ad_emd_2_FeatureInterquartileRange,FeaturesAcharya_ad_emd_2_FeatureMeanAbsoluteDeviation,FeaturesAcharya_ad_emd_2_FeatureMeanEnergy,FeaturesAcharya_ad_emd_2_FeatureTeagerKaiserEnergy,FeaturesAcharya_ad_emd_2_FeatureSampleEntropy,FeaturesAcharya_ad_emd_2_FeatureStandardDeviation,FeaturesAcharya_aad_emd_2_FeatureFractalDimensionHigushi,FeaturesAcharya_aad_emd_2_FeatureInterquartileRange,FeaturesAcharya_aad_emd_2_FeatureMeanAbsoluteDeviation,FeaturesAcharya_aad_emd_2_FeatureMeanEnergy,FeaturesAcharya_aad_emd_2_FeatureTeagerKaiserEnergy,FeaturesAcharya_aad_emd_2_FeatureSampleEntropy,FeaturesAcharya_aad_emd_2_FeatureStandardDeviation,FeaturesAcharya_aaad_emd_2_FeatureFractalDimensionHigushi,FeaturesAcharya_aaad_emd_2_FeatureInterquartileRange,FeaturesAcharya_aaad_emd_2_FeatureMeanAbsoluteDeviation,FeaturesAcharya_aaad_emd_2_FeatureMeanEnergy,FeaturesAcharya_aaad_emd_2_FeatureTeagerKaiserEnergy,FeaturesAcharya_aaad_emd_2_FeatureSampleEntropy,FeaturesAcharya_aaad_emd_2_FeatureStandardDeviation,FeaturesAcharya_aaaad_emd_2_FeatureFractalDimensionHigushi,FeaturesAcharya_aaaad_emd_2_FeatureInterquartileRange,FeaturesAcharya_aaaad_emd_2_FeatureMeanAbsoluteDeviation,FeaturesAcharya_aaaad_emd_2_FeatureMeanEnergy,FeaturesAcharya_aaaad_emd_2_FeatureTeagerKaiserEnergy,FeaturesAcharya_aaaad_emd_2_FeatureSampleEntropy,FeaturesAcharya_aaaad_emd_2_FeatureStandardDeviation,FeaturesAcharya__emd_3_FeatureFractalDimensionHigushi,FeaturesAcharya__emd_3_FeatureInterquartileRange,FeaturesAcharya__emd_3_FeatureMeanAbsoluteDeviation,FeaturesAcharya__emd_3_FeatureMeanEnergy,FeaturesAcharya__emd_3_FeatureTeagerKaiserEnergy,FeaturesAcharya__emd_3_FeatureSampleEntropy,FeaturesAcharya__emd_3_FeatureStandardDeviation,FeaturesAcharya_a_emd_3_FeatureFractalDimensionHigushi,FeaturesAcharya_a_emd_3_FeatureInterquartileRange,FeaturesAcharya_a_emd_3_FeatureMeanAbsoluteDeviation,FeaturesAcharya_a_emd_3_FeatureMeanEnergy,FeaturesAcharya_a_emd_3_FeatureTeagerKaiserEnergy,FeaturesAcharya_a_emd_3_FeatureSampleEntropy,FeaturesAcharya_a_emd_3_FeatureStandardDeviation,FeaturesAcharya_aa_emd_3_FeatureFractalDimensionHigushi,FeaturesAcharya_aa_emd_3_FeatureInterquartileRange,FeaturesAcharya_aa_emd_3_FeatureMeanAbsoluteDeviation,FeaturesAcharya_aa_emd_3_FeatureMeanEnergy,FeaturesAcharya_aa_emd_3_FeatureTeagerKaiserEnergy,FeaturesAcharya_aa_emd_3_FeatureSampleEntropy,FeaturesAcharya_aa_emd_3_FeatureStandardDeviation,FeaturesAcharya_aaa_emd_3_FeatureFractalDimensionHigushi,FeaturesAcharya_aaa_emd_3_FeatureInterquartileRange,FeaturesAcharya_aaa_emd_3_FeatureMeanAbsoluteDeviation,FeaturesAcharya_aaa_emd_3_FeatureMeanEnergy,FeaturesAcharya_aaa_emd_3_FeatureTeagerKaiserEnergy,FeaturesAcharya_aaa_emd_3_FeatureSampleEntropy,FeaturesAcharya_aaa_emd_3_FeatureStandardDeviation,FeaturesAcharya_aaaa_emd_3_FeatureFractalDimensionHigushi,FeaturesAcharya_aaaa_emd_3_FeatureInterquartileRange,FeaturesAcharya_aaaa_emd_3_FeatureMeanAbsoluteDeviation,FeaturesAcharya_aaaa_emd_3_FeatureMeanEnergy,FeaturesAcharya_aaaa_emd_3_FeatureTeagerKaiserEnergy,FeaturesAcharya_aaaa_emd_3_FeatureSampleEntropy,FeaturesAcharya_aaaa_emd_3_FeatureStandardDeviation,FeaturesAcharya_aaaaa_emd_3_FeatureFractalDimensionHigushi,FeaturesAcharya_aaaaa_emd_3_FeatureInterquartileRange,FeaturesAcharya_aaaaa_emd_3_FeatureMeanAbsoluteDeviation,FeaturesAcharya_aaaaa_emd_3_FeatureMeanEnergy,FeaturesAcharya_aaaaa_emd_3_FeatureTeagerKaiserEnergy,FeaturesAcharya_aaaaa_emd_3_FeatureSampleEntropy,FeaturesAcharya_aaaaa_emd_3_FeatureStandardDeviation,FeaturesAcharya_aaaaaa_emd_3_FeatureFractalDimensionHigushi,FeaturesAcharya_aaaaaa_emd_3_FeatureInterquartileRange,FeaturesAcharya_aaaaaa_emd_3_FeatureMeanAbsoluteDeviation,FeaturesAcharya_aaaaaa_emd_3_FeatureMeanEnergy,FeaturesAcharya_aaaaaa_emd_3_FeatureTeagerKaiserEnergy,FeaturesAcharya_aaaaaa_emd_3_FeatureSampleEntropy,FeaturesAcharya_aaaaaa_emd_3_FeatureStandardDeviation,FeaturesAcharya_d_emd_3_FeatureFractalDimensionHigushi,FeaturesAcharya_d_emd_3_FeatureInterquartileRange,FeaturesAcharya_d_emd_3_FeatureMeanAbsoluteDeviation,FeaturesAcharya_d_emd_3_FeatureMeanEnergy,FeaturesAcharya_d_emd_3_FeatureTeagerKaiserEnergy,FeaturesAcharya_d_emd_3_FeatureSampleEntropy,FeaturesAcharya_d_emd_3_FeatureStandardDeviation,FeaturesAcharya_ad_emd_3_FeatureFractalDimensionHigushi,FeaturesAcharya_ad_emd_3_FeatureInterquartileRange,FeaturesAcharya_ad_emd_3_FeatureMeanAbsoluteDeviation,FeaturesAcharya_ad_emd_3_FeatureMeanEnergy,FeaturesAcharya_ad_emd_3_FeatureTeagerKaiserEnergy,FeaturesAcharya_ad_emd_3_FeatureSampleEntropy,FeaturesAcharya_ad_emd_3_FeatureStandardDeviation,FeaturesAcharya_aad_emd_3_FeatureFractalDimensionHigushi,FeaturesAcharya_aad_emd_3_FeatureInterquartileRange,FeaturesAcharya_aad_emd_3_FeatureMeanAbsoluteDeviation,FeaturesAcharya_aad_emd_3_FeatureMeanEnergy,FeaturesAcharya_aad_emd_3_FeatureTeagerKaiserEnergy,FeaturesAcharya_aad_emd_3_FeatureSampleEntropy,FeaturesAcharya_aad_emd_3_FeatureStandardDeviation,FeaturesAcharya_aaad_emd_3_FeatureFractalDimensionHigushi,FeaturesAcharya_aaad_emd_3_FeatureInterquartileRange,FeaturesAcharya_aaad_emd_3_FeatureMeanAbsoluteDeviation,FeaturesAcharya_aaad_emd_3_FeatureMeanEnergy,FeaturesAcharya_aaad_emd_3_FeatureTeagerKaiserEnergy,FeaturesAcharya_aaad_emd_3_FeatureSampleEntropy,FeaturesAcharya_aaad_emd_3_FeatureStandardDeviation,FeaturesAcharya_aaaad_emd_3_FeatureFractalDimensionHigushi,FeaturesAcharya_aaaad_emd_3_FeatureInterquartileRange,FeaturesAcharya_aaaad_emd_3_FeatureMeanAbsoluteDeviation,FeaturesAcharya_aaaad_emd_3_FeatureMeanEnergy,FeaturesAcharya_aaaad_emd_3_FeatureTeagerKaiserEnergy,FeaturesAcharya_aaaad_emd_3_FeatureSampleEntropy,FeaturesAcharya_aaaad_emd_3_FeatureStandardDeviation,FeaturesAcharya__emd_4_FeatureFractalDimensionHigushi,FeaturesAcharya__emd_4_FeatureInterquartileRange,FeaturesAcharya__emd_4_FeatureMeanAbsoluteDeviation,FeaturesAcharya__emd_4_FeatureMeanEnergy,FeaturesAcharya__emd_4_FeatureTeagerKaiserEnergy,FeaturesAcharya__emd_4_FeatureSampleEntropy,FeaturesAcharya__emd_4_FeatureStandardDeviation,FeaturesAcharya_a_emd_4_FeatureFractalDimensionHigushi,FeaturesAcharya_a_emd_4_FeatureInterquartileRange,FeaturesAcharya_a_emd_4_FeatureMeanAbsoluteDeviation,FeaturesAcharya_a_emd_4_FeatureMeanEnergy,FeaturesAcharya_a_emd_4_FeatureTeagerKaiserEnergy,FeaturesAcharya_a_emd_4_FeatureSampleEntropy,FeaturesAcharya_a_emd_4_FeatureStandardDeviation,FeaturesAcharya_aa_emd_4_FeatureFractalDimensionHigushi,FeaturesAcharya_aa_emd_4_FeatureInterquartileRange,FeaturesAcharya_aa_emd_4_FeatureMeanAbsoluteDeviation,FeaturesAcharya_aa_emd_4_FeatureMeanEnergy,FeaturesAcharya_aa_emd_4_FeatureTeagerKaiserEnergy,FeaturesAcharya_aa_emd_4_FeatureSampleEntropy,FeaturesAcharya_aa_emd_4_FeatureStandardDeviation,FeaturesAcharya_aaa_emd_4_FeatureFractalDimensionHigushi,FeaturesAcharya_aaa_emd_4_FeatureInterquartileRange,FeaturesAcharya_aaa_emd_4_FeatureMeanAbsoluteDeviation,FeaturesAcharya_aaa_emd_4_FeatureMeanEnergy,FeaturesAcharya_aaa_emd_4_FeatureTeagerKaiserEnergy,FeaturesAcharya_aaa_emd_4_FeatureSampleEntropy,FeaturesAcharya_aaa_emd_4_FeatureStandardDeviation,FeaturesAcharya_aaaa_emd_4_FeatureFractalDimensionHigushi,FeaturesAcharya_aaaa_emd_4_FeatureInterquartileRange,FeaturesAcharya_aaaa_emd_4_FeatureMeanAbsoluteDeviation,FeaturesAcharya_aaaa_emd_4_FeatureMeanEnergy,FeaturesAcharya_aaaa_emd_4_FeatureTeagerKaiserEnergy,FeaturesAcharya_aaaa_emd_4_FeatureSampleEntropy,FeaturesAcharya_aaaa_emd_4_FeatureStandardDeviation,FeaturesAcharya_aaaaa_emd_4_FeatureFractalDimensionHigushi,FeaturesAcharya_aaaaa_emd_4_FeatureInterquartileRange,FeaturesAcharya_aaaaa_emd_4_FeatureMeanAbsoluteDeviation,FeaturesAcharya_aaaaa_emd_4_FeatureMeanEnergy,FeaturesAcharya_aaaaa_emd_4_FeatureTeagerKaiserEnergy,FeaturesAcharya_aaaaa_emd_4_FeatureSampleEntropy,FeaturesAcharya_aaaaa_emd_4_FeatureStandardDeviation,FeaturesAcharya_aaaaaa_emd_4_FeatureFractalDimensionHigushi,FeaturesAcharya_aaaaaa_emd_4_FeatureInterquartileRange,FeaturesAcharya_aaaaaa_emd_4_FeatureMeanAbsoluteDeviation,FeaturesAcharya_aaaaaa_emd_4_FeatureMeanEnergy,FeaturesAcharya_aaaaaa_emd_4_FeatureTeagerKaiserEnergy,FeaturesAcharya_aaaaaa_emd_4_FeatureSampleEntropy,FeaturesAcharya_aaaaaa_emd_4_FeatureStandardDeviation,FeaturesAcharya_d_emd_4_FeatureFractalDimensionHigushi,FeaturesAcharya_d_emd_4_FeatureInterquartileRange,FeaturesAcharya_d_emd_4_FeatureMeanAbsoluteDeviation,FeaturesAcharya_d_emd_4_FeatureMeanEnergy,FeaturesAcharya_d_emd_4_FeatureTeagerKaiserEnergy,FeaturesAcharya_d_emd_4_FeatureSampleEntropy,FeaturesAcharya_d_emd_4_FeatureStandardDeviation,FeaturesAcharya_ad_emd_4_FeatureFractalDimensionHigushi,FeaturesAcharya_ad_emd_4_FeatureInterquartileRange,FeaturesAcharya_ad_emd_4_FeatureMeanAbsoluteDeviation,FeaturesAcharya_ad_emd_4_FeatureMeanEnergy,FeaturesAcharya_ad_emd_4_FeatureTeagerKaiserEnergy,FeaturesAcharya_ad_emd_4_FeatureSampleEntropy,FeaturesAcharya_ad_emd_4_FeatureStandardDeviation,FeaturesAcharya_aad_emd_4_FeatureFractalDimensionHigushi,FeaturesAcharya_aad_emd_4_FeatureInterquartileRange,FeaturesAcharya_aad_emd_4_FeatureMeanAbsoluteDeviation,FeaturesAcharya_aad_emd_4_FeatureMeanEnergy,FeaturesAcharya_aad_emd_4_FeatureTeagerKaiserEnergy,FeaturesAcharya_aad_emd_4_FeatureSampleEntropy,FeaturesAcharya_aad_emd_4_FeatureStandardDeviation,FeaturesAcharya_aaad_emd_4_FeatureFractalDimensionHigushi,FeaturesAcharya_aaad_emd_4_FeatureInterquartileRange,FeaturesAcharya_aaad_emd_4_FeatureMeanAbsoluteDeviation,FeaturesAcharya_aaad_emd_4_FeatureMeanEnergy,FeaturesAcharya_aaad_emd_4_FeatureTeagerKaiserEnergy,FeaturesAcharya_aaad_emd_4_FeatureSampleEntropy,FeaturesAcharya_aaad_emd_4_FeatureStandardDeviation,FeaturesAcharya_aaaad_emd_4_FeatureFractalDimensionHigushi,FeaturesAcharya_aaaad_emd_4_FeatureInterquartileRange,FeaturesAcharya_aaaad_emd_4_FeatureMeanAbsoluteDeviation,FeaturesAcharya_aaaad_emd_4_FeatureMeanEnergy,FeaturesAcharya_aaaad_emd_4_FeatureTeagerKaiserEnergy,FeaturesAcharya_aaaad_emd_4_FeatureSampleEntropy,FeaturesAcharya_aaaad_emd_4_FeatureStandardDeviation,FeaturesAcharya__emd_5_FeatureFractalDimensionHigushi,FeaturesAcharya__emd_5_FeatureInterquartileRange,FeaturesAcharya__emd_5_FeatureMeanAbsoluteDeviation,FeaturesAcharya__emd_5_FeatureMeanEnergy,FeaturesAcharya__emd_5_FeatureTeagerKaiserEnergy,FeaturesAcharya__emd_5_FeatureSampleEntropy,FeaturesAcharya__emd_5_FeatureStandardDeviation,FeaturesAcharya_a_emd_5_FeatureFractalDimensionHigushi,FeaturesAcharya_a_emd_5_FeatureInterquartileRange,FeaturesAcharya_a_emd_5_FeatureMeanAbsoluteDeviation,FeaturesAcharya_a_emd_5_FeatureMeanEnergy,FeaturesAcharya_a_emd_5_FeatureTeagerKaiserEnergy,FeaturesAcharya_a_emd_5_FeatureSampleEntropy,FeaturesAcharya_a_emd_5_FeatureStandardDeviation,FeaturesAcharya_aa_emd_5_FeatureFractalDimensionHigushi,FeaturesAcharya_aa_emd_5_FeatureInterquartileRange,FeaturesAcharya_aa_emd_5_FeatureMeanAbsoluteDeviation,FeaturesAcharya_aa_emd_5_FeatureMeanEnergy,FeaturesAcharya_aa_emd_5_FeatureTeagerKaiserEnergy,FeaturesAcharya_aa_emd_5_FeatureSampleEntropy,FeaturesAcharya_aa_emd_5_FeatureStandardDeviation,FeaturesAcharya_aaa_emd_5_FeatureFractalDimensionHigushi,FeaturesAcharya_aaa_emd_5_FeatureInterquartileRange,FeaturesAcharya_aaa_emd_5_FeatureMeanAbsoluteDeviation,FeaturesAcharya_aaa_emd_5_FeatureMeanEnergy,FeaturesAcharya_aaa_emd_5_FeatureTeagerKaiserEnergy,FeaturesAcharya_aaa_emd_5_FeatureSampleEntropy,FeaturesAcharya_aaa_emd_5_FeatureStandardDeviation,FeaturesAcharya_aaaa_emd_5_FeatureFractalDimensionHigushi,FeaturesAcharya_aaaa_emd_5_FeatureInterquartileRange,FeaturesAcharya_aaaa_emd_5_FeatureMeanAbsoluteDeviation,FeaturesAcharya_aaaa_emd_5_FeatureMeanEnergy,FeaturesAcharya_aaaa_emd_5_FeatureTeagerKaiserEnergy,FeaturesAcharya_aaaa_emd_5_FeatureSampleEntropy,FeaturesAcharya_aaaa_emd_5_FeatureStandardDeviation,FeaturesAcharya_aaaaa_emd_5_FeatureFractalDimensionHigushi,FeaturesAcharya_aaaaa_emd_5_FeatureInterquartileRange,FeaturesAcharya_aaaaa_emd_5_FeatureMeanAbsoluteDeviation,FeaturesAcharya_aaaaa_emd_5_FeatureMeanEnergy,FeaturesAcharya_aaaaa_emd_5_FeatureTeagerKaiserEnergy,FeaturesAcharya_aaaaa_emd_5_FeatureSampleEntropy,FeaturesAcharya_aaaaa_emd_5_FeatureStandardDeviation,FeaturesAcharya_aaaaaa_emd_5_FeatureFractalDimensionHigushi,FeaturesAcharya_aaaaaa_emd_5_FeatureInterquartileRange,FeaturesAcharya_aaaaaa_emd_5_FeatureMeanAbsoluteDeviation,FeaturesAcharya_aaaaaa_emd_5_FeatureMeanEnergy,FeaturesAcharya_aaaaaa_emd_5_FeatureTeagerKaiserEnergy,FeaturesAcharya_aaaaaa_emd_5_FeatureSampleEntropy,FeaturesAcharya_aaaaaa_emd_5_FeatureStandardDeviation,FeaturesAcharya_d_emd_5_FeatureFractalDimensionHigushi,FeaturesAcharya_d_emd_5_FeatureInterquartileRange,FeaturesAcharya_d_emd_5_FeatureMeanAbsoluteDeviation,FeaturesAcharya_d_emd_5_FeatureMeanEnergy,FeaturesAcharya_d_emd_5_FeatureTeagerKaiserEnergy,FeaturesAcharya_d_emd_5_FeatureSampleEntropy,FeaturesAcharya_d_emd_5_FeatureStandardDeviation,FeaturesAcharya_ad_emd_5_FeatureFractalDimensionHigushi,FeaturesAcharya_ad_emd_5_FeatureInterquartileRange,FeaturesAcharya_ad_emd_5_FeatureMeanAbsoluteDeviation,FeaturesAcharya_ad_emd_5_FeatureMeanEnergy,FeaturesAcharya_ad_emd_5_FeatureTeagerKaiserEnergy,FeaturesAcharya_ad_emd_5_FeatureSampleEntropy,FeaturesAcharya_ad_emd_5_FeatureStandardDeviation,FeaturesAcharya_aad_emd_5_FeatureFractalDimensionHigushi,FeaturesAcharya_aad_emd_5_FeatureInterquartileRange,FeaturesAcharya_aad_emd_5_FeatureMeanAbsoluteDeviation,FeaturesAcharya_aad_emd_5_FeatureMeanEnergy,FeaturesAcharya_aad_emd_5_FeatureTeagerKaiserEnergy,FeaturesAcharya_aad_emd_5_FeatureSampleEntropy,FeaturesAcharya_aad_emd_5_FeatureStandardDeviation,FeaturesAcharya_aaad_emd_5_FeatureFractalDimensionHigushi,FeaturesAcharya_aaad_emd_5_FeatureInterquartileRange,FeaturesAcharya_aaad_emd_5_FeatureMeanAbsoluteDeviation,FeaturesAcharya_aaad_emd_5_FeatureMeanEnergy,FeaturesAcharya_aaad_emd_5_FeatureTeagerKaiserEnergy,FeaturesAcharya_aaad_emd_5_FeatureSampleEntropy,FeaturesAcharya_aaad_emd_5_FeatureStandardDeviation,FeaturesAcharya_aaaad_emd_5_FeatureFractalDimensionHigushi,FeaturesAcharya_aaaad_emd_5_FeatureInterquartileRange,FeaturesAcharya_aaaad_emd_5_FeatureMeanAbsoluteDeviation,FeaturesAcharya_aaaad_emd_5_FeatureMeanEnergy,FeaturesAcharya_aaaad_emd_5_FeatureTeagerKaiserEnergy,FeaturesAcharya_aaaad_emd_5_FeatureSampleEntropy,FeaturesAcharya_aaaad_emd_5_FeatureStandardDeviation,FeaturesAcharya__emd_6_FeatureFractalDimensionHigushi,FeaturesAcharya__emd_6_FeatureInterquartileRange,FeaturesAcharya__emd_6_FeatureMeanAbsoluteDeviation,FeaturesAcharya__emd_6_FeatureMeanEnergy,FeaturesAcharya__emd_6_FeatureTeagerKaiserEnergy,FeaturesAcharya__emd_6_FeatureSampleEntropy,FeaturesAcharya__emd_6_FeatureStandardDeviation,FeaturesAcharya_a_emd_6_FeatureFractalDimensionHigushi,FeaturesAcharya_a_emd_6_FeatureInterquartileRange,FeaturesAcharya_a_emd_6_FeatureMeanAbsoluteDeviation,FeaturesAcharya_a_emd_6_FeatureMeanEnergy,FeaturesAcharya_a_emd_6_FeatureTeagerKaiserEnergy,FeaturesAcharya_a_emd_6_FeatureSampleEntropy,FeaturesAcharya_a_emd_6_FeatureStandardDeviation,FeaturesAcharya_aa_emd_6_FeatureFractalDimensionHigushi,FeaturesAcharya_aa_emd_6_FeatureInterquartileRange,FeaturesAcharya_aa_emd_6_FeatureMeanAbsoluteDeviation,FeaturesAcharya_aa_emd_6_FeatureMeanEnergy,FeaturesAcharya_aa_emd_6_FeatureTeagerKaiserEnergy,FeaturesAcharya_aa_emd_6_FeatureSampleEntropy,FeaturesAcharya_aa_emd_6_FeatureStandardDeviation,FeaturesAcharya_aaa_emd_6_FeatureFractalDimensionHigushi,FeaturesAcharya_aaa_emd_6_FeatureInterquartileRange,FeaturesAcharya_aaa_emd_6_FeatureMeanAbsoluteDeviation,FeaturesAcharya_aaa_emd_6_FeatureMeanEnergy,FeaturesAcharya_aaa_emd_6_FeatureTeagerKaiserEnergy,FeaturesAcharya_aaa_emd_6_FeatureSampleEntropy,FeaturesAcharya_aaa_emd_6_FeatureStandardDeviation,FeaturesAcharya_aaaa_emd_6_FeatureFractalDimensionHigushi,FeaturesAcharya_aaaa_emd_6_FeatureInterquartileRange,FeaturesAcharya_aaaa_emd_6_FeatureMeanAbsoluteDeviation,FeaturesAcharya_aaaa_emd_6_FeatureMeanEnergy,FeaturesAcharya_aaaa_emd_6_FeatureTeagerKaiserEnergy,FeaturesAcharya_aaaa_emd_6_FeatureSampleEntropy,FeaturesAcharya_aaaa_emd_6_FeatureStandardDeviation,FeaturesAcharya_aaaaa_emd_6_FeatureFractalDimensionHigushi,FeaturesAcharya_aaaaa_emd_6_FeatureInterquartileRange,FeaturesAcharya_aaaaa_emd_6_FeatureMeanAbsoluteDeviation,FeaturesAcharya_aaaaa_emd_6_FeatureMeanEnergy,FeaturesAcharya_aaaaa_emd_6_FeatureTeagerKaiserEnergy,FeaturesAcharya_aaaaa_emd_6_FeatureSampleEntropy,FeaturesAcharya_aaaaa_emd_6_FeatureStandardDeviation,FeaturesAcharya_aaaaaa_emd_6_FeatureFractalDimensionHigushi,FeaturesAcharya_aaaaaa_emd_6_FeatureInterquartileRange,FeaturesAcharya_aaaaaa_emd_6_FeatureMeanAbsoluteDeviation,FeaturesAcharya_aaaaaa_emd_6_FeatureMeanEnergy,FeaturesAcharya_aaaaaa_emd_6_FeatureTeagerKaiserEnergy,FeaturesAcharya_aaaaaa_emd_6_FeatureSampleEntropy,FeaturesAcharya_aaaaaa_emd_6_FeatureStandardDeviation,FeaturesAcharya_d_emd_6_FeatureFractalDimensionHigushi,FeaturesAcharya_d_emd_6_FeatureInterquartileRange,FeaturesAcharya_d_emd_6_FeatureMeanAbsoluteDeviation,FeaturesAcharya_d_emd_6_FeatureMeanEnergy,FeaturesAcharya_d_emd_6_FeatureTeagerKaiserEnergy,FeaturesAcharya_d_emd_6_FeatureSampleEntropy,FeaturesAcharya_d_emd_6_FeatureStandardDeviation,FeaturesAcharya_ad_emd_6_FeatureFractalDimensionHigushi,FeaturesAcharya_ad_emd_6_FeatureInterquartileRange,FeaturesAcharya_ad_emd_6_FeatureMeanAbsoluteDeviation,FeaturesAcharya_ad_emd_6_FeatureMeanEnergy,FeaturesAcharya_ad_emd_6_FeatureTeagerKaiserEnergy,FeaturesAcharya_ad_emd_6_FeatureSampleEntropy,FeaturesAcharya_ad_emd_6_FeatureStandardDeviation,FeaturesAcharya_aad_emd_6_FeatureFractalDimensionHigushi,FeaturesAcharya_aad_emd_6_FeatureInterquartileRange,FeaturesAcharya_aad_emd_6_FeatureMeanAbsoluteDeviation,FeaturesAcharya_aad_emd_6_FeatureMeanEnergy,FeaturesAcharya_aad_emd_6_FeatureTeagerKaiserEnergy,FeaturesAcharya_aad_emd_6_FeatureSampleEntropy,FeaturesAcharya_aad_emd_6_FeatureStandardDeviation,FeaturesAcharya_aaad_emd_6_FeatureFractalDimensionHigushi,FeaturesAcharya_aaad_emd_6_FeatureInterquartileRange,FeaturesAcharya_aaad_emd_6_FeatureMeanAbsoluteDeviation,FeaturesAcharya_aaad_emd_6_FeatureMeanEnergy,FeaturesAcharya_aaad_emd_6_FeatureTeagerKaiserEnergy,FeaturesAcharya_aaad_emd_6_FeatureSampleEntropy,FeaturesAcharya_aaad_emd_6_FeatureStandardDeviation,FeaturesAcharya_aaaad_emd_6_FeatureFractalDimensionHigushi,FeaturesAcharya_aaaad_emd_6_FeatureInterquartileRange,FeaturesAcharya_aaaad_emd_6_FeatureMeanAbsoluteDeviation,FeaturesAcharya_aaaad_emd_6_FeatureMeanEnergy,FeaturesAcharya_aaaad_emd_6_FeatureTeagerKaiserEnergy,FeaturesAcharya_aaaad_emd_6_FeatureSampleEntropy,FeaturesAcharya_aaaad_emd_6_FeatureStandardDeviation,FeaturesAcharya__emd_7_FeatureFractalDimensionHigushi,FeaturesAcharya__emd_7_FeatureInterquartileRange,FeaturesAcharya__emd_7_FeatureMeanAbsoluteDeviation,FeaturesAcharya__emd_7_FeatureMeanEnergy,FeaturesAcharya__emd_7_FeatureTeagerKaiserEnergy,FeaturesAcharya__emd_7_FeatureSampleEntropy,FeaturesAcharya__emd_7_FeatureStandardDeviation,FeaturesAcharya_a_emd_7_FeatureFractalDimensionHigushi,FeaturesAcharya_a_emd_7_FeatureInterquartileRange,FeaturesAcharya_a_emd_7_FeatureMeanAbsoluteDeviation,FeaturesAcharya_a_emd_7_FeatureMeanEnergy,FeaturesAcharya_a_emd_7_FeatureTeagerKaiserEnergy,FeaturesAcharya_a_emd_7_FeatureSampleEntropy,FeaturesAcharya_a_emd_7_FeatureStandardDeviation,FeaturesAcharya_aa_emd_7_FeatureFractalDimensionHigushi,FeaturesAcharya_aa_emd_7_FeatureInterquartileRange,FeaturesAcharya_aa_emd_7_FeatureMeanAbsoluteDeviation,FeaturesAcharya_aa_emd_7_FeatureMeanEnergy,FeaturesAcharya_aa_emd_7_FeatureTeagerKaiserEnergy,FeaturesAcharya_aa_emd_7_FeatureSampleEntropy,FeaturesAcharya_aa_emd_7_FeatureStandardDeviation,FeaturesAcharya_aaa_emd_7_FeatureFractalDimensionHigushi,FeaturesAcharya_aaa_emd_7_FeatureInterquartileRange,FeaturesAcharya_aaa_emd_7_FeatureMeanAbsoluteDeviation,FeaturesAcharya_aaa_emd_7_FeatureMeanEnergy,FeaturesAcharya_aaa_emd_7_FeatureTeagerKaiserEnergy,FeaturesAcharya_aaa_emd_7_FeatureSampleEntropy,FeaturesAcharya_aaa_emd_7_FeatureStandardDeviation,FeaturesAcharya_aaaa_emd_7_FeatureFractalDimensionHigushi,FeaturesAcharya_aaaa_emd_7_FeatureInterquartileRange,FeaturesAcharya_aaaa_emd_7_FeatureMeanAbsoluteDeviation,FeaturesAcharya_aaaa_emd_7_FeatureMeanEnergy,FeaturesAcharya_aaaa_emd_7_FeatureTeagerKaiserEnergy,FeaturesAcharya_aaaa_emd_7_FeatureSampleEntropy,FeaturesAcharya_aaaa_emd_7_FeatureStandardDeviation,FeaturesAcharya_aaaaa_emd_7_FeatureFractalDimensionHigushi,FeaturesAcharya_aaaaa_emd_7_FeatureInterquartileRange,FeaturesAcharya_aaaaa_emd_7_FeatureMeanAbsoluteDeviation,FeaturesAcharya_aaaaa_emd_7_FeatureMeanEnergy,FeaturesAcharya_aaaaa_emd_7_FeatureTeagerKaiserEnergy,FeaturesAcharya_aaaaa_emd_7_FeatureSampleEntropy,FeaturesAcharya_aaaaa_emd_7_FeatureStandardDeviation,FeaturesAcharya_aaaaaa_emd_7_FeatureFractalDimensionHigushi,FeaturesAcharya_aaaaaa_emd_7_FeatureInterquartileRange,FeaturesAcharya_aaaaaa_emd_7_FeatureMeanAbsoluteDeviation,FeaturesAcharya_aaaaaa_emd_7_FeatureMeanEnergy,FeaturesAcharya_aaaaaa_emd_7_FeatureTeagerKaiserEnergy,FeaturesAcharya_aaaaaa_emd_7_FeatureSampleEntropy,FeaturesAcharya_aaaaaa_emd_7_FeatureStandardDeviation,FeaturesAcharya_d_emd_7_FeatureFractalDimensionHigushi,FeaturesAcharya_d_emd_7_FeatureInterquartileRange,FeaturesAcharya_d_emd_7_FeatureMeanAbsoluteDeviation,FeaturesAcharya_d_emd_7_FeatureMeanEnergy,FeaturesAcharya_d_emd_7_FeatureTeagerKaiserEnergy,FeaturesAcharya_d_emd_7_FeatureSampleEntropy,FeaturesAcharya_d_emd_7_FeatureStandardDeviation,FeaturesAcharya_ad_emd_7_FeatureFractalDimensionHigushi,FeaturesAcharya_ad_emd_7_FeatureInterquartileRange,FeaturesAcharya_ad_emd_7_FeatureMeanAbsoluteDeviation,FeaturesAcharya_ad_emd_7_FeatureMeanEnergy,FeaturesAcharya_ad_emd_7_FeatureTeagerKaiserEnergy,FeaturesAcharya_ad_emd_7_FeatureSampleEntropy,FeaturesAcharya_ad_emd_7_FeatureStandardDeviation,FeaturesAcharya_aad_emd_7_FeatureFractalDimensionHigushi,FeaturesAcharya_aad_emd_7_FeatureInterquartileRange,FeaturesAcharya_aad_emd_7_FeatureMeanAbsoluteDeviation,FeaturesAcharya_aad_emd_7_FeatureMeanEnergy,FeaturesAcharya_aad_emd_7_FeatureTeagerKaiserEnergy,FeaturesAcharya_aad_emd_7_FeatureSampleEntropy,FeaturesAcharya_aad_emd_7_FeatureStandardDeviation,FeaturesAcharya_aaad_emd_7_FeatureFractalDimensionHigushi,FeaturesAcharya_aaad_emd_7_FeatureInterquartileRange,FeaturesAcharya_aaad_emd_7_FeatureMeanAbsoluteDeviation,FeaturesAcharya_aaad_emd_7_FeatureMeanEnergy,FeaturesAcharya_aaad_emd_7_FeatureTeagerKaiserEnergy,FeaturesAcharya_aaad_emd_7_FeatureSampleEntropy,FeaturesAcharya_aaad_emd_7_FeatureStandardDeviation,FeaturesAcharya_aaaad_emd_7_FeatureFractalDimensionHigushi,FeaturesAcharya_aaaad_emd_7_FeatureInterquartileRange,FeaturesAcharya_aaaad_emd_7_FeatureMeanAbsoluteDeviation,FeaturesAcharya_aaaad_emd_7_FeatureMeanEnergy,FeaturesAcharya_aaaad_emd_7_FeatureTeagerKaiserEnergy,FeaturesAcharya_aaaad_emd_7_FeatureSampleEntropy,FeaturesAcharya_aaaad_emd_7_FeatureStandardDeviation,FeaturesAcharya__emd_8_FeatureFractalDimensionHigushi,FeaturesAcharya__emd_8_FeatureInterquartileRange,FeaturesAcharya__emd_8_FeatureMeanAbsoluteDeviation,FeaturesAcharya__emd_8_FeatureMeanEnergy,FeaturesAcharya__emd_8_FeatureTeagerKaiserEnergy,FeaturesAcharya__emd_8_FeatureSampleEntropy,FeaturesAcharya__emd_8_FeatureStandardDeviation,FeaturesAcharya_a_emd_8_FeatureFractalDimensionHigushi,FeaturesAcharya_a_emd_8_FeatureInterquartileRange,FeaturesAcharya_a_emd_8_FeatureMeanAbsoluteDeviation,FeaturesAcharya_a_emd_8_FeatureMeanEnergy,FeaturesAcharya_a_emd_8_FeatureTeagerKaiserEnergy,FeaturesAcharya_a_emd_8_FeatureSampleEntropy,FeaturesAcharya_a_emd_8_FeatureStandardDeviation,FeaturesAcharya_aa_emd_8_FeatureFractalDimensionHigushi,FeaturesAcharya_aa_emd_8_FeatureInterquartileRange,FeaturesAcharya_aa_emd_8_FeatureMeanAbsoluteDeviation,FeaturesAcharya_aa_emd_8_FeatureMeanEnergy,FeaturesAcharya_aa_emd_8_FeatureTeagerKaiserEnergy,FeaturesAcharya_aa_emd_8_FeatureSampleEntropy,FeaturesAcharya_aa_emd_8_FeatureStandardDeviation,FeaturesAcharya_aaa_emd_8_FeatureFractalDimensionHigushi,FeaturesAcharya_aaa_emd_8_FeatureInterquartileRange,FeaturesAcharya_aaa_emd_8_FeatureMeanAbsoluteDeviation,FeaturesAcharya_aaa_emd_8_FeatureMeanEnergy,FeaturesAcharya_aaa_emd_8_FeatureTeagerKaiserEnergy,FeaturesAcharya_aaa_emd_8_FeatureSampleEntropy,FeaturesAcharya_aaa_emd_8_FeatureStandardDeviation,FeaturesAcharya_aaaa_emd_8_FeatureFractalDimensionHigushi,FeaturesAcharya_aaaa_emd_8_FeatureInterquartileRange,FeaturesAcharya_aaaa_emd_8_FeatureMeanAbsoluteDeviation,FeaturesAcharya_aaaa_emd_8_FeatureMeanEnergy,FeaturesAcharya_aaaa_emd_8_FeatureTeagerKaiserEnergy,FeaturesAcharya_aaaa_emd_8_FeatureSampleEntropy,FeaturesAcharya_aaaa_emd_8_FeatureStandardDeviation,FeaturesAcharya_aaaaa_emd_8_FeatureFractalDimensionHigushi,FeaturesAcharya_aaaaa_emd_8_FeatureInterquartileRange,FeaturesAcharya_aaaaa_emd_8_FeatureMeanAbsoluteDeviation,FeaturesAcharya_aaaaa_emd_8_FeatureMeanEnergy,FeaturesAcharya_aaaaa_emd_8_FeatureTeagerKaiserEnergy,FeaturesAcharya_aaaaa_emd_8_FeatureSampleEntropy,FeaturesAcharya_aaaaa_emd_8_FeatureStandardDeviation,FeaturesAcharya_aaaaaa_emd_8_FeatureFractalDimensionHigushi,FeaturesAcharya_aaaaaa_emd_8_FeatureInterquartileRange,FeaturesAcharya_aaaaaa_emd_8_FeatureMeanAbsoluteDeviation,FeaturesAcharya_aaaaaa_emd_8_FeatureMeanEnergy,FeaturesAcharya_aaaaaa_emd_8_FeatureTeagerKaiserEnergy,FeaturesAcharya_aaaaaa_emd_8_FeatureSampleEntropy,FeaturesAcharya_aaaaaa_emd_8_FeatureStandardDeviation,FeaturesAcharya_d_emd_8_FeatureFractalDimensionHigushi,FeaturesAcharya_d_emd_8_FeatureInterquartileRange,FeaturesAcharya_d_emd_8_FeatureMeanAbsoluteDeviation,FeaturesAcharya_d_emd_8_FeatureMeanEnergy,FeaturesAcharya_d_emd_8_FeatureTeagerKaiserEnergy,FeaturesAcharya_d_emd_8_FeatureSampleEntropy,FeaturesAcharya_d_emd_8_FeatureStandardDeviation,FeaturesAcharya_ad_emd_8_FeatureFractalDimensionHigushi,FeaturesAcharya_ad_emd_8_FeatureInterquartileRange,FeaturesAcharya_ad_emd_8_FeatureMeanAbsoluteDeviation,FeaturesAcharya_ad_emd_8_FeatureMeanEnergy,FeaturesAcharya_ad_emd_8_FeatureTeagerKaiserEnergy,FeaturesAcharya_ad_emd_8_FeatureSampleEntropy,FeaturesAcharya_ad_emd_8_FeatureStandardDeviation,FeaturesAcharya_aad_emd_8_FeatureFractalDimensionHigushi,FeaturesAcharya_aad_emd_8_FeatureInterquartileRange,FeaturesAcharya_aad_emd_8_FeatureMeanAbsoluteDeviation,FeaturesAcharya_aad_emd_8_FeatureMeanEnergy,FeaturesAcharya_aad_emd_8_FeatureTeagerKaiserEnergy,FeaturesAcharya_aad_emd_8_FeatureSampleEntropy,FeaturesAcharya_aad_emd_8_FeatureStandardDeviation,FeaturesAcharya_aaad_emd_8_FeatureFractalDimensionHigushi,FeaturesAcharya_aaad_emd_8_FeatureInterquartileRange,FeaturesAcharya_aaad_emd_8_FeatureMeanAbsoluteDeviation,FeaturesAcharya_aaad_emd_8_FeatureMeanEnergy,FeaturesAcharya_aaad_emd_8_FeatureTeagerKaiserEnergy,FeaturesAcharya_aaad_emd_8_FeatureSampleEntropy,FeaturesAcharya_aaad_emd_8_FeatureStandardDeviation,FeaturesAcharya_aaaad_emd_8_FeatureFractalDimensionHigushi,FeaturesAcharya_aaaad_emd_8_FeatureInterquartileRange,FeaturesAcharya_aaaad_emd_8_FeatureMeanAbsoluteDeviation,FeaturesAcharya_aaaad_emd_8_FeatureMeanEnergy,FeaturesAcharya_aaaad_emd_8_FeatureTeagerKaiserEnergy,FeaturesAcharya_aaaad_emd_8_FeatureSampleEntropy,FeaturesAcharya_aaaad_emd_8_FeatureStandardDeviation,FeaturesAcharya__emd_9_FeatureFractalDimensionHigushi,FeaturesAcharya__emd_9_FeatureInterquartileRange,FeaturesAcharya__emd_9_FeatureMeanAbsoluteDeviation,FeaturesAcharya__emd_9_FeatureMeanEnergy,FeaturesAcharya__emd_9_FeatureTeagerKaiserEnergy,FeaturesAcharya__emd_9_FeatureSampleEntropy,FeaturesAcharya__emd_9_FeatureStandardDeviation,FeaturesAcharya_a_emd_9_FeatureFractalDimensionHigushi,FeaturesAcharya_a_emd_9_FeatureInterquartileRange,FeaturesAcharya_a_emd_9_FeatureMeanAbsoluteDeviation,FeaturesAcharya_a_emd_9_FeatureMeanEnergy,FeaturesAcharya_a_emd_9_FeatureTeagerKaiserEnergy,FeaturesAcharya_a_emd_9_FeatureSampleEntropy,FeaturesAcharya_a_emd_9_FeatureStandardDeviation,FeaturesAcharya_aa_emd_9_FeatureFractalDimensionHigushi,FeaturesAcharya_aa_emd_9_FeatureInterquartileRange,FeaturesAcharya_aa_emd_9_FeatureMeanAbsoluteDeviation,FeaturesAcharya_aa_emd_9_FeatureMeanEnergy,FeaturesAcharya_aa_emd_9_FeatureTeagerKaiserEnergy,FeaturesAcharya_aa_emd_9_FeatureSampleEntropy,FeaturesAcharya_aa_emd_9_FeatureStandardDeviation,FeaturesAcharya_aaa_emd_9_FeatureFractalDimensionHigushi,FeaturesAcharya_aaa_emd_9_FeatureInterquartileRange,FeaturesAcharya_aaa_emd_9_FeatureMeanAbsoluteDeviation,FeaturesAcharya_aaa_emd_9_FeatureMeanEnergy,FeaturesAcharya_aaa_emd_9_FeatureTeagerKaiserEnergy,FeaturesAcharya_aaa_emd_9_FeatureSampleEntropy,FeaturesAcharya_aaa_emd_9_FeatureStandardDeviation,FeaturesAcharya_aaaa_emd_9_FeatureFractalDimensionHigushi,FeaturesAcharya_aaaa_emd_9_FeatureInterquartileRange,FeaturesAcharya_aaaa_emd_9_FeatureMeanAbsoluteDeviation,FeaturesAcharya_aaaa_emd_9_FeatureMeanEnergy,FeaturesAcharya_aaaa_emd_9_FeatureTeagerKaiserEnergy,FeaturesAcharya_aaaa_emd_9_FeatureSampleEntropy,FeaturesAcharya_aaaa_emd_9_FeatureStandardDeviation,FeaturesAcharya_aaaaa_emd_9_FeatureFractalDimensionHigushi,FeaturesAcharya_aaaaa_emd_9_FeatureInterquartileRange,FeaturesAcharya_aaaaa_emd_9_FeatureMeanAbsoluteDeviation,FeaturesAcharya_aaaaa_emd_9_FeatureMeanEnergy,FeaturesAcharya_aaaaa_emd_9_FeatureTeagerKaiserEnergy,FeaturesAcharya_aaaaa_emd_9_FeatureSampleEntropy,FeaturesAcharya_aaaaa_emd_9_FeatureStandardDeviation,FeaturesAcharya_aaaaaa_emd_9_FeatureFractalDimensionHigushi,FeaturesAcharya_aaaaaa_emd_9_FeatureInterquartileRange,FeaturesAcharya_aaaaaa_emd_9_FeatureMeanAbsoluteDeviation,FeaturesAcharya_aaaaaa_emd_9_FeatureMeanEnergy,FeaturesAcharya_aaaaaa_emd_9_FeatureTeagerKaiserEnergy,FeaturesAcharya_aaaaaa_emd_9_FeatureSampleEntropy,FeaturesAcharya_aaaaaa_emd_9_FeatureStandardDeviation,FeaturesAcharya_d_emd_9_FeatureFractalDimensionHigushi,FeaturesAcharya_d_emd_9_FeatureInterquartileRange,FeaturesAcharya_d_emd_9_FeatureMeanAbsoluteDeviation,FeaturesAcharya_d_emd_9_FeatureMeanEnergy,FeaturesAcharya_d_emd_9_FeatureTeagerKaiserEnergy,FeaturesAcharya_d_emd_9_FeatureSampleEntropy,FeaturesAcharya_d_emd_9_FeatureStandardDeviation,FeaturesAcharya_ad_emd_9_FeatureFractalDimensionHigushi,FeaturesAcharya_ad_emd_9_FeatureInterquartileRange,FeaturesAcharya_ad_emd_9_FeatureMeanAbsoluteDeviation,FeaturesAcharya_ad_emd_9_FeatureMeanEnergy,FeaturesAcharya_ad_emd_9_FeatureTeagerKaiserEnergy,FeaturesAcharya_ad_emd_9_FeatureSampleEntropy,FeaturesAcharya_ad_emd_9_FeatureStandardDeviation,FeaturesAcharya_aad_emd_9_FeatureFractalDimensionHigushi,FeaturesAcharya_aad_emd_9_FeatureInterquartileRange,FeaturesAcharya_aad_emd_9_FeatureMeanAbsoluteDeviation,FeaturesAcharya_aad_emd_9_FeatureMeanEnergy,FeaturesAcharya_aad_emd_9_FeatureTeagerKaiserEnergy,FeaturesAcharya_aad_emd_9_FeatureSampleEntropy,FeaturesAcharya_aad_emd_9_FeatureStandardDeviation,FeaturesAcharya_aaad_emd_9_FeatureFractalDimensionHigushi,FeaturesAcharya_aaad_emd_9_FeatureInterquartileRange,FeaturesAcharya_aaad_emd_9_FeatureMeanAbsoluteDeviation,FeaturesAcharya_aaad_emd_9_FeatureMeanEnergy,FeaturesAcharya_aaad_emd_9_FeatureTeagerKaiserEnergy,FeaturesAcharya_aaad_emd_9_FeatureSampleEntropy,FeaturesAcharya_aaad_emd_9_FeatureStandardDeviation,FeaturesAcharya_aaaad_emd_9_FeatureFractalDimensionHigushi,FeaturesAcharya_aaaad_emd_9_FeatureInterquartileRange,FeaturesAcharya_aaaad_emd_9_FeatureMeanAbsoluteDeviation,FeaturesAcharya_aaaad_emd_9_FeatureMeanEnergy,FeaturesAcharya_aaaad_emd_9_FeatureTeagerKaiserEnergy,FeaturesAcharya_aaaad_emd_9_FeatureSampleEntropy,FeaturesAcharya_aaaad_emd_9_FeatureStandardDeviation,FeaturesAcharya__emd_10_FeatureFractalDimensionHigushi,FeaturesAcharya__emd_10_FeatureInterquartileRange,FeaturesAcharya__emd_10_FeatureMeanAbsoluteDeviation,FeaturesAcharya__emd_10_FeatureMeanEnergy,FeaturesAcharya__emd_10_FeatureTeagerKaiserEnergy,FeaturesAcharya__emd_10_FeatureSampleEntropy,FeaturesAcharya__emd_10_FeatureStandardDeviation,FeaturesAcharya_a_emd_10_FeatureFractalDimensionHigushi,FeaturesAcharya_a_emd_10_FeatureInterquartileRange,FeaturesAcharya_a_emd_10_FeatureMeanAbsoluteDeviation,FeaturesAcharya_a_emd_10_FeatureMeanEnergy,FeaturesAcharya_a_emd_10_FeatureTeagerKaiserEnergy,FeaturesAcharya_a_emd_10_FeatureSampleEntropy,FeaturesAcharya_a_emd_10_FeatureStandardDeviation,FeaturesAcharya_aa_emd_10_FeatureFractalDimensionHigushi,FeaturesAcharya_aa_emd_10_FeatureInterquartileRange,FeaturesAcharya_aa_emd_10_FeatureMeanAbsoluteDeviation,FeaturesAcharya_aa_emd_10_FeatureMeanEnergy,FeaturesAcharya_aa_emd_10_FeatureTeagerKaiserEnergy,FeaturesAcharya_aa_emd_10_FeatureSampleEntropy,FeaturesAcharya_aa_emd_10_FeatureStandardDeviation,FeaturesAcharya_aaa_emd_10_FeatureFractalDimensionHigushi,FeaturesAcharya_aaa_emd_10_FeatureInterquartileRange,FeaturesAcharya_aaa_emd_10_FeatureMeanAbsoluteDeviation,FeaturesAcharya_aaa_emd_10_FeatureMeanEnergy,FeaturesAcharya_aaa_emd_10_FeatureTeagerKaiserEnergy,FeaturesAcharya_aaa_emd_10_FeatureSampleEntropy,FeaturesAcharya_aaa_emd_10_FeatureStandardDeviation,FeaturesAcharya_aaaa_emd_10_FeatureFractalDimensionHigushi,FeaturesAcharya_aaaa_emd_10_FeatureInterquartileRange,FeaturesAcharya_aaaa_emd_10_FeatureMeanAbsoluteDeviation,FeaturesAcharya_aaaa_emd_10_FeatureMeanEnergy,FeaturesAcharya_aaaa_emd_10_FeatureTeagerKaiserEnergy,FeaturesAcharya_aaaa_emd_10_FeatureSampleEntropy,FeaturesAcharya_aaaa_emd_10_FeatureStandardDeviation,FeaturesAcharya_aaaaa_emd_10_FeatureFractalDimensionHigushi,FeaturesAcharya_aaaaa_emd_10_FeatureInterquartileRange,FeaturesAcharya_aaaaa_emd_10_FeatureMeanAbsoluteDeviation,FeaturesAcharya_aaaaa_emd_10_FeatureMeanEnergy,FeaturesAcharya_aaaaa_emd_10_FeatureTeagerKaiserEnergy,FeaturesAcharya_aaaaa_emd_10_FeatureSampleEntropy,FeaturesAcharya_aaaaa_emd_10_FeatureStandardDeviation,FeaturesAcharya_aaaaaa_emd_10_FeatureFractalDimensionHigushi,FeaturesAcharya_aaaaaa_emd_10_FeatureInterquartileRange,FeaturesAcharya_aaaaaa_emd_10_FeatureMeanAbsoluteDeviation,FeaturesAcharya_aaaaaa_emd_10_FeatureMeanEnergy,FeaturesAcharya_aaaaaa_emd_10_FeatureTeagerKaiserEnergy,FeaturesAcharya_aaaaaa_emd_10_FeatureSampleEntropy,FeaturesAcharya_aaaaaa_emd_10_FeatureStandardDeviation,FeaturesAcharya_d_emd_10_FeatureFractalDimensionHigushi,FeaturesAcharya_d_emd_10_FeatureInterquartileRange,FeaturesAcharya_d_emd_10_FeatureMeanAbsoluteDeviation,FeaturesAcharya_d_emd_10_FeatureMeanEnergy,FeaturesAcharya_d_emd_10_FeatureTeagerKaiserEnergy,FeaturesAcharya_d_emd_10_FeatureSampleEntropy,FeaturesAcharya_d_emd_10_FeatureStandardDeviation,FeaturesAcharya_ad_emd_10_FeatureFractalDimensionHigushi,FeaturesAcharya_ad_emd_10_FeatureInterquartileRange,FeaturesAcharya_ad_emd_10_FeatureMeanAbsoluteDeviation,FeaturesAcharya_ad_emd_10_FeatureMeanEnergy,FeaturesAcharya_ad_emd_10_FeatureTeagerKaiserEnergy,FeaturesAcharya_ad_emd_10_FeatureSampleEntropy,FeaturesAcharya_ad_emd_10_FeatureStandardDeviation,FeaturesAcharya_aad_emd_10_FeatureFractalDimensionHigushi,FeaturesAcharya_aad_emd_10_FeatureInterquartileRange,FeaturesAcharya_aad_emd_10_FeatureMeanAbsoluteDeviation,FeaturesAcharya_aad_emd_10_FeatureMeanEnergy,FeaturesAcharya_aad_emd_10_FeatureTeagerKaiserEnergy,FeaturesAcharya_aad_emd_10_FeatureSampleEntropy,FeaturesAcharya_aad_emd_10_FeatureStandardDeviation,FeaturesAcharya_aaad_emd_10_FeatureFractalDimensionHigushi,FeaturesAcharya_aaad_emd_10_FeatureInterquartileRange,FeaturesAcharya_aaad_emd_10_FeatureMeanAbsoluteDeviation,FeaturesAcharya_aaad_emd_10_FeatureMeanEnergy,FeaturesAcharya_aaad_emd_10_FeatureTeagerKaiserEnergy,FeaturesAcharya_aaad_emd_10_FeatureSampleEntropy,FeaturesAcharya_aaad_emd_10_FeatureStandardDeviation,FeaturesAcharya_aaaad_emd_10_FeatureFractalDimensionHigushi,FeaturesAcharya_aaaad_emd_10_FeatureInterquartileRange,FeaturesAcharya_aaaad_emd_10_FeatureMeanAbsoluteDeviation,FeaturesAcharya_aaaad_emd_10_FeatureMeanEnergy,FeaturesAcharya_aaaad_emd_10_FeatureTeagerKaiserEnergy,FeaturesAcharya_aaaad_emd_10_FeatureSampleEntropy,FeaturesAcharya_aaaad_emd_10_FeatureStandardDeviation,FeaturesJager_fpeak,FeaturesJager_fmed,FeaturesJager_frms,FeaturesJager_sampen,FeaturesJager_ac_zero,FeaturesJager_max_lyap,FeaturesJager_corr_dim,id,channel,RecID,Gestation,Rectime,Age,Parity,Abortions,Weight,Hypertension,Diabetes,Placental_position,Bleeding_first_trimester,Bleeding_second_trimester,Funneling,Smoker
0,1.9812366995313855,0.0036124738353551997,0.001989875764462886,5.713272223372066e-06,1.0378949122796976e-10,0.7741236592246374,0.002390136706064748,2.1433099502894533,0.0050198262895958246,0.0027691130516673498,1.1027686633003976e-05,4.1348477361844255e-10,1.2560190113723582,0.0033206397555068856,2.061632282437376,0.002356901415831807,0.0013612898738219672,3.2131566398560025e-06,7.127798691793831e-11,0.9924731734532949,0.0017919438507173271,1.9991384287888696,0.00037907637375448374,0.00038778108360806645,5.992401345525205e-07,1.1826204198220536e-11,0.9631594221617431,0.0007713622141917431,1.9645190167453415,0.00029188494570556395,0.0003488839500069705,4.836667823302683e-07,5.0509077215500585e-12,0.9118457547624109,0.0006892258334830868,1.922310155709113,0.0003347610002578571,0.0003981274416486502,6.639442815646864e-07,2.087824528600656e-12,0.8456422524532021,0.0008044625740425118,1.9200780359214509,0.000401855529738527,0.0005370453639219993,1.6064091488954427e-06,2.362515311371962e-12,0.6767259092332523,0.001254004253545126,2.1735116432014983,0.0010700716035542356,0.0005423044590695817,3.9745878503895706e-07,1.916255576581402e-13,0.872243779692766,0.0006304432957407123,2.122840495007246,0.007266553320121057,0.003734307752613911,1.884186544277515e-05,1.20165987276734e-09,1.4093956772246934,0.004340719862151902,1.6413493162428245,0.003405000810510374,0.0019175688758919923,5.83731666352987e-06,1.5900602495311571e-10,1.3411825832618158,0.002414067205269003,1.9067318097189883,0.000500554128679108,0.00048536526948226216,7.613920582605757e-07,1.0985253497053188e-11,1.1606150102467416,0.0008708454516432902,1.960159042285469,0.0003725616077412301,0.0003790146746012003,4.5005158033203045e-07,4.0273433078699005e-12,1.0268707897635239,0.0006708332164655294,1.2259591978457007,0.00356315160126309,0.0019979216934629253,6.13436288315014e-06,5.1406263732998724e-12,0.618921619274516,0.0024689122887385797,1.8791515004241812,0.005061834389515165,0.0028263301477070234,1.2272659945992916e-05,2.2232543917377256e-10,0.8703256227687813,0.00349213609473935,2.072280364597381,0.0069437927416976615,0.003935633658624845,2.4246744716157114e-05,3.589337160100689e-09,1.1117695558222584,0.004908329392111805,2.047851733359795,0.007164397432438055,0.004275175516276632,3.089895902954223e-05,2.9260480970044337e-09,1.269009383407172,0.005530762414706028,2.011496235047438,0.002100199637448248,0.001399053660903823,4.628771193218287e-06,1.8254470751920553e-10,1.8360347601415956,0.0020025551487956863,1.9805540698518862,0.002060532183913756,0.0012342690557667001,3.806954007073714e-06,4.906476514517116e-11,1.9911534329495908,0.0016041571453304392,1.9431046565481875,0.0021656101608494706,0.00127591434876449,5.026452174808541e-06,5.722494101755917e-11,2.1125937489967366,0.0016071391083664508,2.1008139774649264,3.231446418397408e-05,2.0316569246900316e-05,7.348067727620773e-10,1.20360675749451e-18,1.4020089091387284,2.7107305453800342e-05,2.0499290348651757,0.0007992822326014126,0.0004528298908230999,3.1126001949972023e-07,3.851939892955684e-14,1.225032558598717,0.0005579057488156374,2.04593211538222,0.006030594401428495,0.0034144582954812545,1.7566179021669932e-05,3.6487199838970555e-10,1.612867936986563,0.004191170223223593,1.7415422589470415,0.010133686847443181,0.005949876364978818,5.711553725149917e-05,9.246548349327202e-09,1.7312873383136018,0.007548731575514797,1.9304240024326103,0.002273662506512032,0.0016101315422022587,5.408191776196629e-06,6.404279815269842e-10,1.7684990004644323,0.002324085452420398,1.0488302075356677,0.004589490223802299,0.003636218831472347,2.8292863041069196e-05,2.1822478770863413e-12,0.40097202716582825,0.00531648192197054,1.1796424385518667,0.006504910768804637,0.00514131690251349,5.6566767686166115e-05,1.3175478492598913e-10,0.5331297962427971,0.007517369205519724,1.4968070340385162,0.009144194529432801,0.00727634582623322,0.00011304845950597326,6.844373486990423e-09,0.6283703147148593,0.010627124610260812,1.938525142013949,0.01237161255364084,0.010175710372323944,0.00022483011858628822,2.3047852560322262e-07,0.8489783252502834,0.014986729841537238,2.0115180812212223,0.012386483636320791,0.012652774351800858,0.0004115914949669634,2.5719362877158325e-06,0.5520458821430739,0.02027625604167727,2.0009298083161995,0.007298072844611846,0.010545214255360615,0.0003963325989204235,1.5977251911662387e-06,0.4731593230147232,0.01988429877248429,2.0052700737429396,0.006346135828776275,0.006171448404878096,0.00012008637150137749,1.7203221316784487e-07,0.8196359792861997,0.010856075483989638,2.0612049652102025,1.4037533858782772e-06,1.6104184758062018e-06,1.8367363207116235e-11,2.623256336410387e-21,0.43103426760275143,4.2857146591523484e-06,2.042836997196999,2.7364530531536482e-05,2.612266956190508e-05,2.53124534920832e-09,9.07066573045746e-17,0.6802209535225697,5.0311479818899185e-05,2.0063235742144556,0.0005348938367722285,0.0005526385045637276,9.171138492568405e-07,1.192554746035739e-12,0.704832244672535,0.0009576600805827161,2.0525049852366517,0.0075910535237644055,0.004677513127063747,3.6382395543836425e-05,2.8372856164570003e-09,1.4509873002673204,0.00603161863223706,2.0066200881966743,0.016950819369448842,0.01407550971863504,0.00042154421616804217,6.876404788247481e-07,1.2233849067272926,0.020530649499690922,1.010619926001879,0.00801796442511991,0.005554497424714003,5.840062863188482e-05,7.647722571813183e-13,0.23205316293528327,0.007641525882855239,1.0418877135841311,0.011336071679551796,0.007855330323959445,0.00011677651263611668,4.803001989634861e-11,0.43604054863727365,0.010805573194754224,1.1603158677030445,0.016056613806843957,0.011109052135558645,0.00023345695105827868,2.8580325663629604e-09,0.5649188072875377,0.015278166944385434,1.533306910483701,0.02246382926024057,0.015702442943899646,0.00046651828169473776,1.3967783727782173e-07,0.6916185364431279,0.021597204866148533,1.9309249518783784,0.032098819327028585,0.022128013406497078,0.000928463188140017,3.7216297534312074e-06,1.0882973080049467,0.030467388052683123,2.01197799717644,0.034364085576375124,0.027168305949832855,0.0016101728509663943,2.95223049458536e-05,0.8076583295225953,0.040118882151257626,1.9913628726174137,0.022249038825714003,0.02172423339752832,0.0013872394163053185,2.89987390809341e-05,0.6831211032578176,0.03721382180929523,2.050885697182652,6.105840030246417e-08,1.2805073315064732e-07,3.3620176659781623e-13,1.110365629461318e-22,0.21819925788582117,5.798290003605009e-07,2.0544851147741316,2.1608311273026674e-06,2.6092121391188544e-06,3.375058135698835e-11,2.636137615602563e-20,0.4070619790722205,5.809523099473861e-06,2.045908516787249,4.719590446885882e-05,4.7522419469192064e-05,6.854460480569402e-09,6.821950970447276e-16,0.49700944827687404,8.279159994189742e-05,2.0241206197662858,0.0009604213324050362,0.0009996256276861494,2.9720779967773515e-06,3.568729241339808e-11,0.5325640708764225,0.0017239714591062627,2.0209258627271005,0.015328921635694267,0.010969910824218979,0.00024022951839222713,9.712350333477111e-08,1.0102063034473951,0.015498982305478541,1.0027189573538455,0.007576061245992531,0.00499775787149426,4.403311361539254e-05,5.024003731125582e-14,0.12141887944744269,0.0066353634232427135,1.0109541338257384,0.010729006928351773,0.007067601279597529,8.804106347384113e-05,3.195710746261582e-12,0.2685370780609199,0.009382454161854886,1.0435688891736041,0.015150538324328326,0.00999183195076692,0.00017597230321699607,1.9966707467692767e-10,0.4627283257865168,0.013264584226255713,1.1715525445197006,0.02166010351081911,0.014129501210048604,0.00035150635929476144,1.1664427361821388e-08,0.5788982143999002,0.01874705889419841,1.5947925741636635,0.0304285100418427,0.01996142427405592,0.0007012542816797428,5.361129700415414e-07,0.7171513963904763,0.026478499281162925,1.9703006073503115,0.04158563816957546,0.028057847224976253,0.0013892401389967322,1.1507809832551191e-05,1.1924496307281394,0.037266244313811814,2.0370316156585577,0.05130360414885139,0.034960120924734876,0.002264728484357449,3.1909962539512154e-05,1.0838483955559124,0.04757012995052936,2.1185763947216154,3.7096184866485015e-10,1.758688081892283e-08,2.554266829806749e-13,2.6033438614892204e-23,0.007429948784294579,5.053975485096534e-07,2.076911617374381,5.8208994652126795e-08,2.181778475670516e-07,3.876007868426132e-12,1.736907342233021e-20,0.08983580709056402,1.968756699230388e-06,2.062830433896128,2.4684523906149574e-06,3.8030582490532717e-06,1.5184058343086755e-10,1.7153091989398156e-18,0.28977159629540805,1.2322271172485212e-05,2.02294378199108,6.0114306961345286e-05,6.527028487367233e-05,1.7039384531301282e-08,1.1673300100221076e-14,0.43682969791399223,0.00013053486833888985,1.9930429889177028,0.0010807565246411972,0.0012867399089823075,6.976108185398783e-06,5.194079007728733e-10,0.4661641034928786,0.0026412213914044137,1.000690378832774,0.0035367073389122364,0.0025305406413833483,1.2312158908480445e-05,8.040215456104186e-16,0.057291009022612874,0.0035088642473152,1.0029328538086963,0.005000065915066857,0.003579243771065122,2.4622924408613037e-05,5.133699041427951e-14,0.12374840311054149,0.004962145675149947,1.0120578392235702,0.007083581699151862,0.005062989840315857,4.923852671890911e-05,3.257277793745723e-12,0.25583307427531565,0.007017016207211998,1.0487434046562816,0.010050216714929481,0.007165190862169818,9.844779141464995e-05,2.0178702783085358e-10,0.43790362129336025,0.00992208107310645,1.1997598030084455,0.014095343562262063,0.010139894723573692,0.0001967784694888773,1.1405634107597385e-08,0.5578427896433773,0.014027668272607145,1.7457615161411766,0.020249003339636095,0.014358880251715257,0.0003931888319502392,4.553873996154408e-07,0.6320250518701193,0.01982799682716864,2.005198827775378,0.0286603230485901,0.02026115546245263,0.0007797488386087242,5.291474547778805e-06,1.094733809339539,0.02791767840379922,2.186025088327364,4.890530009429915e-18,1.7269245185801196e-09,4.572635752649572e-15,2.086646980494751e-26,0.0008415668059703533,6.762126701350751e-08,2.097791629500366,2.3444979943753217e-10,1.6404488418491112e-08,8.678496785706892e-14,5.718481075644571e-24,0.01838890805658111,2.9459280984363684e-07,2.093439681220251,4.4637138108460904e-08,2.3249255317701904e-07,3.5266868071593003e-12,2.8750869909169605e-21,0.07711890274059953,1.877946212094322e-06,2.057242759301964,2.2729612768717136e-06,3.180023655675962e-06,5.034864821247204e-11,4.375756834551813e-20,0.4019367638220634,7.095677397631945e-06,2.0159898392050177,5.20897799148618e-05,5.610266253222217e-05,1.2150468478640529e-08,2.9635957843536017e-15,0.4947354136025273,0.00011022903764544369,1.000112822637563,0.0012167372505658492,0.0008520204407333322,1.292976196089319e-06,2.1741539218840523e-19,0.026954471097150056,0.0011368178901858801,1.0006264559296978,0.0017202351234230722,0.0012066412713344651,2.5960748999493233e-06,1.4100044675245673e-17,0.05608796349914802,0.001610896824756767,1.002713090920311,0.002435865465845426,0.0017112804486485173,5.232491240068156e-06,9.641829663661435e-16,0.12194258775474619,0.002287114081317998,1.0106014062841395,0.003435066550103014,0.0024338967080099407,1.0625864800117774e-05,6.094659346207634e-14,0.2619729507492195,0.003259512962837202,1.041951273284712,0.004870384366605521,0.003479310167470797,2.1891119277479997e-05,3.538709630032843e-12,0.42786018777018364,0.004678794455472024,1.1713785350779715,0.0067836399207379895,0.005032046371506927,4.631532374786186e-05,2.0666338138581606e-10,0.5426240933106771,0.0068040657961715035,1.643832070923071,0.010056353405679312,0.007419632582625032,0.00010248362123788512,9.558156116180954e-09,0.6498971967661286,0.010105386443695298,2.262369595812601,1.3644079506266175e-18,3.4375888918976483e-10,3.8375587139069206e-16,2.7245380899388247e-28,0.0001366773732737681,1.9589687883944722e-08,2.1420266291207843,4.121150296540255e-16,4.295420364475251e-09,1.642666053214112e-14,4.8305188341954907e-26,0.00027352831873156896,1.281665340496963e-07,2.210416386993796,1.6864664790783565e-10,3.6194689577148766e-08,4.2884645845858684e-13,8.863027401605778e-23,0.0005477951383219156,6.548626872137676e-07,2.149711312854627,2.5708740112765144e-08,3.5956633423419e-07,1.8912796726748673e-11,3.969077545719246e-20,0.0027061862038868546,4.34887456095621e-06,2.1091219478360146,1.1990870482364758e-06,1.750104909128689e-06,3.5081070353970036e-11,1.3880693559711958e-19,0.3193869405815484,5.9228884584947205e-06,1.0000715084529301,0.0006407195999479928,0.0004450309895255331,3.5653409399360835e-07,5.88216882807964e-22,0.0113995024406343,0.0005970529204168257,1.0004957509632992,0.0009064498553357139,0.0006296680774529266,7.135376458963741e-07,1.0846859589462046e-19,0.023211535828001825,0.0008446302550961201,1.001745253992769,0.0012847246697085916,0.0008912805449706205,1.4288564535389803e-06,7.773384334039453e-18,0.04812277265549091,0.0011952082743393203,1.0038383855594464,0.00182235463809005,0.0012627201384787544,2.8648226838664502e-06,5.769383583380718e-16,0.10371912738303858,0.001692302114294734,1.0082812518940159,0.002610423891531038,0.0017919794637665032,5.757867084355273e-06,1.1001346588347869e-14,0.2296453285868726,0.002398886313706521,1.0336779417799973,0.0037042640224082286,0.0025526405954448914,1.1633082601328108e-05,6.324289880684683e-13,0.41651163676565545,0.0034087123348784387,1.137971910305713,0.0053247910553019485,0.0036578525808084812,2.3699405105434344e-05,3.6950063030543873e-11,0.5273268062092907,0.004860755555777299,2.157952550145684,7.393241053325455e-19,2.603880396544498e-10,2.5334220992289125e-16,1.0131379216899109e-30,0.00013669605525462142,1.591672736220888e-08,2.161993304478889,1.1086683138484447e-18,3.3526711271261455e-09,1.1908044402108344e-14,2.6965523689923006e-26,0.00027202725940644185,1.0912394056119323e-07,2.2500060051806745,3.59651512893156e-18,1.1596878545972295e-08,5.6247038050939806e-14,3.597527214365565e-24,0.0005474948950482413,2.3715585003494632e-07,2.2178958583225223,7.109936510143701e-11,2.914028777379884e-07,2.188338280066701e-11,7.060645676968974e-20,-0.0,4.677952628960644e-06,2.085914490427558,1.7736451234928468e-08,4.236717854136662e-07,1.520783128127287e-11,5.893069656148858e-20,0.0001790576558497656,3.8992884202466535e-06,0.9999783226724543,0.0002819554200474363,0.0002125381763845317,9.044726300439956e-08,1.801108277614037e-24,0.004520627294901409,0.0002998302696047077,1.0001049625331826,0.00039864123703788556,0.0003005853516973981,1.8086511779614225e-07,1.714779410789708e-22,0.009106647594224894,0.0004240028994029029,1.0004908149568736,0.000563748861567755,0.00042509631499509037,3.615880953829992e-07,1.1756944688581234e-20,0.018490444335426418,0.0005995503875171826,1.000841943097215,0.0007964199210312257,0.0006011919609233729,7.226091515170159e-07,8.204386478367028e-19,0.03809877997874666,0.0008476640539480623,1.0008183891957718,0.001125592282833381,0.0008502465731387586,1.4429637456790194e-06,3.091429812538716e-17,0.08110567178232568,0.0011981263852569295,1.0053831760222238,0.0015971563352401214,0.0012030598646857898,2.8785755187491987e-06,1.9102951518468445e-15,0.1779433228380278,0.0016929857587818114,1.0279423694859178,0.0022155324695410043,0.0017012246080469887,5.722366106104613e-06,1.1815309997471102e-13,0.326802331657051,0.0023887714726598054,2.1773555602686767,5.738135365668102e-19,3.3404143775175234e-11,3.236573298451141e-18,1.6936400678515862e-34,0.00013669605653133035,1.799047886647584e-09,2.168750624401071,7.566684284165574e-19,3.84413741428774e-10,1.413150338963943e-16,4.2225621697122524e-30,0.00027359780268422875,1.1887594768405135e-08,2.2345799604458803,1.1002362414792323e-18,1.354611430605519e-09,6.400874800575789e-16,4.1049381464821445e-28,0.0005476449753085669,2.5298964843474025e-08,2.2141728216577823,6.91822953633837e-18,3.207215831697771e-08,2.571897192989177e-13,9.81778270630239e-24,0.001097092154859593,5.071370991302091e-07,2.1060543673715766,6.230573483214447e-11,4.919869608658571e-08,1.843887386582689e-13,8.283868937979512e-24,0.0022002209096024235,4.293577998561119e-07,0.9999057230755073,0.00012053863948240827,8.022376146494213e-05,9.96577875628839e-09,1.5990289171486833e-27,0.0032734549132902857,9.9758459393164e-05,0.9998446808304243,0.00017025021479602655,0.00011342116597357552,1.992337420728633e-08,1.0485190176615342e-25,0.0065795167019205856,0.0001410499037539646,0.9997545580253534,0.00024035908858113962,0.00016030432413197774,3.9811835960720257e-08,6.743620423364519e-24,0.013291196839092148,0.00019938451904248354,0.9994916089159455,0.00033855736476786735,0.0002264296489173264,7.948444821096796e-08,4.339200228848857e-22,0.0271326005320496,0.00028171776153324105,0.998839896163601,0.00047482606792740754,0.0003194417163710627,1.584153981818354e-07,2.66625650878775e-20,0.05655821313544729,0.00039769200973022845,0.9986770402058334,0.0006653367370374444,0.0004496927502831521,3.147821003452697e-07,1.6898009850247316e-18,0.12364701232743344,0.0005605377594907882,1.0018410677345486,0.0009207916077942449,0.0006298545025954947,6.210153918339359e-07,1.0600476427959361e-16,0.27494658216924683,0.0007871137636037912,2.1747996708398527,4.873816411562975e-19,1.5065936751217982e-12,6.814069570766105e-21,7.353046995890264e-40,0.00013669605653133035,8.254737773403892e-11,2.165124200298852,5.895388862462968e-19,1.7944549290740554e-11,3.1338827787548757e-19,1.8829818226617195e-35,0.00027359780268422875,5.598106947441115e-10,2.2401945843468947,7.33388257256865e-19,6.444616534165163e-11,1.487102357844345e-18,2.4157277938271085e-33,0.0005474953051940518,1.2194234331483442e-09,2.2152915437603196,1.0976860436507313e-18,1.5106632493054607e-09,5.734718738958361e-16,4.851444470361661e-29,0.001097092154859593,2.3947195005827946e-08,2.104086517759508,4.032884157899908e-15,2.2758629123386646e-09,4.041604099225672e-16,4.039454817089057e-29,0.0022002209096024235,2.010156489987962e-08,0.999966931364302,0.00020741678152514365,0.00010139731262419296,1.3100463352679285e-08,9.068901209481211e-29,0.0013877810862844937,0.00011438034607956274,1.0000351544803685,0.00029322482907875923,0.00014337075800458686,2.6192585789786485e-08,3.607705964535727e-26,0.0027832436872013066,0.00016173135627539168,1.0002353627023812,0.00041450602858837194,0.00020268121854662036,5.235077525768446e-08,2.726334468015397e-24,0.0055962055293073245,0.0002286448590109243,1.0001489213345067,0.0005857157789420898,0.0002864207631661245,1.0456437915947081e-07,2.1140350109891642e-22,0.011313695538648843,0.0003231330156798126,0.9988170402617641,0.0008259504489503621,0.0004044575216938851,2.085833990023773e-07,2.0383791421612647e-21,0.023128643330092805,0.0004563604656197955,0.9974727520547888,0.0011623713271840985,0.0005702925280900692,4.1507803367080546e-07,1.0462787647171501e-19,0.04837517135781874,0.0006436949155310267,0.9957442908949367,0.0016318774539027005,0.0008017621525223685,8.217361144196192e-07,6.291914866954331e-18,0.10619305454653633,0.0009054926740995548,2.199160134890882,4.642912045496094e-19,3.862766985121333e-12,3.297289705904102e-20,6.043047983850974e-38,0.00013669605653133035,1.8158440753280833e-10,2.168899680771776,5.449201177703329e-19,3.9681985303751966e-11,1.3024997971550128e-18,3.3747720556400756e-34,0.0002736352459262847,1.1412706500532265e-09,2.220273982938568,6.591008208047027e-19,1.5203004409796035e-10,6.670320516268559e-18,3.6563850416675924e-32,0.0005479451369306413,2.582610267674961e-09,2.2068287452198634,8.288366281393588e-19,3.12540796012582e-09,2.3145750587013298e-15,7.901044351347035e-28,0.0010964926562345313,4.810987410865884e-08,2.1292957658355003,1.3134106115014982e-18,5.409920253903305e-09,1.8748113174602934e-15,6.803859447791624e-28,0.002205072558313981,4.329494236806573e-08,0.13524590163934427,0.18169398907103826,12.573070762821308,0.991365439606712,28,0.11048334038891978,5.663529880859259,tpehg1029,1,1029,38.6,31,28,0,2,72,no,no,front,no,no,negative,no
0,1.8047659051542755,0.001099925061589016,0.0007006936513763668,9.203569834142581e-07,1.5424988603036635e-12,0.7074506768477449,0.0009593459663084964,2.03814662398254,0.0015347951361582067,0.000987125816543404,1.836841055086464e-06,3.14927612779253e-11,1.0910423458461036,0.001355289887580715,2.0309106769370837,0.0012415556546178485,0.0009981006191755357,2.571002903194277e-06,1.8580379853800582e-10,0.7266955599501184,0.0016034065453286804,1.993184809584214,0.0004254123609003745,0.0005092950831059755,1.6378154926194137e-06,3.4713151005081637e-10,0.6274896076320113,0.0012796517914666374,1.9691528867349912,0.00034390359678940414,0.0003600409952895935,6.440857028234908e-07,4.991654696804592e-11,0.8820090165727146,0.000801735164830705,1.9516702454095674,0.0003545987658557606,0.0003865443936170281,7.456303079466484e-07,1.2485193184013309e-11,0.933312200605883,0.0008599157588012105,1.9148579304787163,0.0004287965815762931,0.000554142594779285,1.638322966742135e-06,4.528278714282676e-12,0.7407685019710406,0.001265297006690377,2.081444105998951,0.00011532087263028097,7.150131921720771e-05,8.701763363788764e-09,2.5521073676407593e-16,1.6483835632972998,9.328269279118562e-05,2.079345847287688,0.0013876628987256,0.0008308132523398944,1.1203105500886793e-06,2.2269508800892667e-12,1.5766400492058492,0.0010584468312635404,1.8757129100248056,0.0018149158748827776,0.0013074175743479658,3.5440819923980284e-06,9.540203641031625e-11,1.3476786611865985,0.0018823553943307534,1.8782436007436403,0.000649714034217367,0.0006897477915943533,2.685180078425741e-06,5.416926220803335e-10,0.8210202995409026,0.0016383677764494151,1.9532099518820674,0.0004683859619165947,0.0004163893744553,6.98188043270641e-07,6.17440033582602e-11,1.1654098834378868,0.000835454327873313,1.1946870083975016,0.001744408894388778,0.0013217253741417934,4.2992039249670055e-06,1.2245323759365011e-12,0.5364805406859049,0.0020734230650823623,1.6440481161691143,0.002484972258291979,0.0018700047929455798,8.597469984939303e-06,6.249091028879789e-11,0.5870385415530192,0.0029321091081138764,1.9693699441126684,0.0034635857271907017,0.0026302329188998075,1.713937944546067e-05,1.9773036675305906e-09,0.8478096760041615,0.004139939064185999,2.02480253993785,0.003272145105133916,0.0030262873684160354,2.9530614708613625e-05,2.8340286306344146e-08,0.5927111940228535,0.0054341898356841545,1.98236007060973,0.001205067397581583,0.0020186193310536104,2.8941411058066786e-05,1.0328635285880472e-07,0.34653882716078543,0.00537971650718241,1.9718515302696489,0.0010148909557337747,0.0013301232067098024,1.039697966645059e-05,6.096196575459975e-09,0.592422377315203,0.003223278549680249,1.908914265094365,0.0010172422597971313,0.0014837075931218619,9.913052358237801e-06,8.304848767152914e-10,0.6452690465404773,0.003131104417931998,2.0568159554385,9.860077139864677e-06,7.908028421711244e-06,1.4959816558482946e-10,1.9331180054264328e-19,0.9482497086534787,1.2231032807638688e-05,2.0470061783144176,0.00020613222508102265,0.00015611195964570663,5.145012001926107e-08,7.389515028086852e-15,1.0736314841350674,0.00022682604840907632,2.0581459395941715,0.0025592768199962706,0.0016432172188003433,4.733924579970281e-06,4.02642562953462e-11,1.426479256510778,0.0021757583872660776,1.9423924865301692,0.004586244451359573,0.0036329396276704017,3.0112447484112308e-05,6.312067043430277e-09,1.2718242479328379,0.005487387505249827,1.860969510636864,0.0018376080593229625,0.0027996940369329933,4.783992776179858e-05,1.0789569746851547e-07,0.48369923407636806,0.006903038651816758,1.0301969437881762,0.007434822986101984,0.00495454545684903,4.6401013194114114e-05,3.397416029713717e-12,0.39757934143969864,0.006806113802005229,1.1148002285428413,0.010547211116311312,0.007015552134300436,9.302826242429583e-05,2.075304703649359e-10,0.5523445775770381,0.00963661700492327,1.3887834916414,0.014822558862341632,0.009939739447142763,0.00018695577955472743,1.1156143331250033e-08,0.6211261263820017,0.013659977670504654,1.9099095323512445,0.020944458359943647,0.014073034116375806,0.00037713283862412177,3.9764005883726126e-07,0.888411452065633,0.019397691285344694,2.0251917832580646,0.027089863263192508,0.019043205629136254,0.0007333876153020943,4.90517445316421e-06,0.7421201126402274,0.027037669339036334,2.0007827826703646,0.017737748630057386,0.01789063562278624,0.0008818788789872154,8.741860228830966e-06,0.7339372511867597,0.029564356045522988,1.9571180206008054,0.011380554126692666,0.013113259477442879,0.0008383931687118048,5.45191897643154e-06,0.7779828608870712,0.028396367115936884,2.0679978162019728,1.0688712081674012e-06,1.0267466574844596e-06,6.9465643964139095e-12,2.957225304429138e-20,0.5383493146881233,2.6356330179841325e-06,2.0512571676365474,2.2328112371290706e-05,1.8723052136207837e-05,9.509775042082119e-10,1.3536166344567137e-17,0.862875612463099,3.083784755220454e-05,2.0359953290599564,0.00044717887361860975,0.0003810830054815822,3.5956045559907144e-07,4.058320720633526e-13,0.9460398891533301,0.0005996331824436285,2.060595510932135,0.006834910316979468,0.004414939015499875,3.527787992724986e-05,2.8592594600670636e-09,1.323577224847027,0.005939505988991374,2.038624992187621,0.029531040968778483,0.01904398750330259,0.0006440954619422215,1.204720744422334e-06,1.504754674147236,0.025369720055062932,1.0075241212554402,0.009746900229072283,0.006869805549248091,9.043124770117578e-05,1.2739356302232518e-12,0.19127600717206075,0.00950953456012735,1.029929879998808,0.013779320013812098,0.009717078249021155,0.00018087007784422629,8.033461837510825e-11,0.3814732898727474,0.01344879329734449,1.1169361813186076,0.01954321745723038,0.01374911901435593,0.0003618090295134367,4.856151922507027e-09,0.5382866798575033,0.019021255766826083,1.427810980769674,0.027790708905032584,0.019468954034614558,0.0007238986031884325,2.5070572197582223e-07,0.6161928180704269,0.026905177981095277,1.8645226510215644,0.04053097142571181,0.02754740703700765,0.0014479164910256742,7.705377502679607e-06,0.9455353588853761,0.038050257542507515,2.0019040050507386,0.0498014684882254,0.0363833950907245,0.002670496947477463,6.96145550111578e-05,1.0340778562475195,0.05166980314540709,2.008257467363428,0.03204093279936342,0.03328708110452029,0.002855059712354353,4.2299645767929835e-05,0.7042714469327416,0.05337779300518188,2.048466782299036,2.6712677434131995e-08,8.673933001747081e-08,4.597213222250246e-13,8.619951827364192e-23,0.13293635572498277,6.780274941604791e-07,2.061854831514891,1.2124256805054796e-06,1.6706831665292214e-06,1.659630210953005e-11,4.608784049225898e-20,0.3733278323912105,4.0738551216248065e-06,2.049152644594818,2.9999131797831213e-05,3.231394702478154e-05,3.4314391144300343e-09,1.309505171011468e-16,0.5122795739448768,5.857834467936229e-05,2.0233449465520748,0.0005683046505557845,0.0006009663240740057,1.1674330394726606e-06,9.214058100181046e-12,0.5577486062141356,0.0010804686946504917,2.015662965985748,0.01287609207448977,0.010135891419072505,0.0002288485438444436,7.090052010704558e-08,0.8203442803717886,0.015127696182791896,1.0019172595488628,0.008265571664860017,0.005627379723304219,5.81956672939776e-05,7.041647363354451e-14,0.10266522034048532,0.007628607721084291,1.007819890973518,0.011690899432284085,0.007955104101824664,0.00011633908590299332,4.488282036087751e-12,0.22708577715176695,0.01078605885666699,1.031519701912996,0.01652312054189602,0.01124044520129982,0.00023246459175147157,2.8286122738602845e-10,0.4108096486745844,0.015246788849212184,1.1265128504925883,0.02339284028616226,0.01586951428972106,0.00046407682684555243,1.7068339360462084e-08,0.5443210791267074,0.021542442384213142,1.5106904363677296,0.0331127169275842,0.022385606052883016,0.0009247538536079035,8.72758945377329e-07,0.595460808390764,0.030409763754444857,1.988088346097051,0.0452629063139315,0.031376496462342474,0.0018344707456094775,2.421157074342577e-05,0.7744964579583863,0.042830708811034034,2.0328050130275828,0.052283938700531774,0.040432806486873654,0.003240879941440874,7.078096613446542e-05,0.7566232442855904,0.05692845980139637,2.0794357851501566,1.666660397483414e-10,6.803515647500615e-09,2.648473292798052e-14,1.0886019429224948e-24,0.02146641403990361,1.6274130044559602e-07,2.0335434454381374,3.210534807944781e-08,1.0404573951421762e-07,3.118851292611027e-13,2.357830246725652e-22,0.18082917367053739,5.584665929723484e-07,2.060574976276639,1.6471784418802736e-06,2.1097313925390643e-06,2.0183337402166644e-11,3.275846178987261e-20,0.4132889554405339,4.492574846671349e-06,2.0492396735404377,3.7843080498774527e-05,3.9594527755804764e-05,4.804931390557586e-09,2.761654859640739e-16,0.5051349526125137,6.931738931034084e-05,2.033646292634818,0.0006657583272085851,0.0007127983006578535,1.8940420750169064e-06,3.0752967843201e-11,0.5961249587520874,0.0013762329242123159,1.0007359041168713,0.004646074901747879,0.0030205645007413437,1.6137890166253068e-05,1.4824175001722448e-15,0.06694440225772998,0.004017143401963557,1.0031479605727622,0.006560602154305652,0.004270041419586431,3.226078873570988e-05,9.465245937033935e-14,0.1467232705737823,0.005679778557842083,1.0129578459448263,0.00927272033335914,0.00603373554685541,6.445830368832922e-05,6.0066053933021204e-12,0.3071953400388488,0.008028480120952471,1.0522729344992288,0.013028990338888751,0.008520517585319855,0.0001286642586140044,3.724147829701646e-10,0.4941272100589672,0.011342866877423488,1.2150462264922839,0.01851118336926698,0.011998188301972927,0.0002563249748373766,2.1109020412184123e-08,0.5864433244553855,0.016009924412795102,1.8356420267155882,0.02603167633909826,0.016911072822575347,0.0005088745824525864,8.47536323215091e-07,0.684246449513695,0.022557888602728077,2.030635095740845,0.0355928122543236,0.0235766680695317,0.0009957689241472608,9.187722074397276e-06,1.1053813850695764,0.03155529292423259,2.1734650281307286,1.6424111122326243e-17,1.2884560165194605e-09,2.6170456615514332e-15,1.0929696836310174e-26,0.0037202519146882483,5.1157068533251645e-08,2.0416949386715153,3.415922774888336e-10,1.6639060629907556e-08,7.121901603091895e-14,1.7894820257154592e-24,0.03042370240811404,2.668688987915045e-07,2.068593882502637,6.47369645146827e-08,2.450509034313826e-07,1.5686182440006699e-12,1.0684556190192328e-21,0.1794899904908323,1.2524399524917896e-06,2.071373763992624,3.429530000888794e-06,4.574460202634477e-06,1.398739792994091e-10,9.241682105657982e-19,0.383318706916138,1.1826783600374412e-05,2.043953506669562,7.227152365313081e-05,7.440998770871862e-05,1.9170592474959212e-08,3.5123741630273886e-15,0.5527461244995888,0.00013845739811786477,1.0001712251187207,0.0014409309955385331,0.001029391818442173,1.961127602695438e-06,8.841410325556858e-19,0.03020488665368758,0.0014001153310792844,1.0009305103124069,0.002043041129272956,0.0014559221998253916,3.921822602617351e-06,5.712707921346209e-17,0.06333235683335886,0.0019799676007760027,1.0038965787222849,0.002884589605890827,0.0020593316740682667,7.841614039199041e-06,3.6711914605252285e-15,0.139388894770986,0.0027997725223784576,1.0146438772563127,0.004089630595573029,0.0029136483959048515,1.5675148048404592e-05,2.3383599953033716e-13,0.2907262268328103,0.003958557857067104,1.0558541875659861,0.005799293683776112,0.004122435487545017,3.131786646674109e-05,1.4220497451715382e-11,0.44432874216463236,0.005595603706578757,1.2244473305570511,0.008267002221965004,0.0058434669904676596,6.252584629636681e-05,8.116938323910692e-10,0.5540690518270649,0.00790699101451147,1.7331344494577159,0.011858017428057416,0.008217761080093405,0.00012453491440641973,3.3955699749788784e-08,0.6827507256445629,0.011159510280358158,2.1556736322063403,1.9515208970820552e-18,5.219582967480451e-10,9.53356466673127e-16,1.4299180006178107e-29,0.00013669605397713521,3.0876471085164934e-08,2.116105290902424,3.521826781859295e-14,8.799040000445448e-09,8.293127653710288e-14,3.633480462606921e-25,0.0002734108320876063,2.8797784506129044e-07,2.231979158635755,4.3628144555771846e-10,4.241344244900848e-08,7.673262501963691e-13,6.921299104692889e-22,0.002079227894671778,8.759586450969183e-07,2.191617698381663,5.641188457061898e-08,8.685503618959049e-07,1.5317930555780383e-10,3.217345839437971e-18,0.0010432519519591407,1.2376525637296921e-05,2.0764392106227567,2.07646214749295e-06,3.3467222884022488e-06,1.2934401446610495e-10,3.033610076490524e-18,0.22158560196256064,1.1372250682324952e-05,0.9999755078060568,0.0008679028964240678,0.0005392330417303867,4.859238535345249e-07,1.4237783873394543e-21,0.014393941685694411,0.000697028124582047,1.0001141417876251,0.0012280158714029223,0.0007630684714074017,9.73041319862782e-07,1.0362980793289817e-19,0.029410370205251123,0.000986341021057418,1.0007414472251253,0.0017383072964771576,0.0010804243595977153,1.9507170347553556e-06,6.753944730131717e-18,0.061490145942198114,0.0013965234720313888,1.0029604299100228,0.0024729522279235408,0.0015315125725744007,3.919911685466934e-06,4.450856842734528e-16,0.1352822739894011,0.001979543380103203,1.011685207746473,0.003505079499650682,0.0021762513977823727,7.913282151564931e-06,2.3673264683180202e-14,0.3012794381480717,0.002812180129773065,1.048951150996781,0.005021192017530483,0.003108129750517787,1.6125634859287227e-05,1.452350050738814e-12,0.4831864300417384,0.004012797326247492,1.1994993511578975,0.0073011010132475185,0.0044721946887464024,3.3386008541375874e-05,8.197035113001499e-11,0.5422478443951605,0.005766831785518364,2.1751151520613816,8.919008780404017e-19,9.197654042495389e-11,2.4862000268955416e-17,9.86522002730492e-33,0.00013669605653133035,4.9861809302262455e-09,2.1706050786307625,1.586874867650304e-18,1.0377972101310813e-09,1.0313914176304761e-15,2.5345678853483437e-28,0.00027359779244406094,3.211526832556526e-08,2.215912934149397,4.904630839541587e-14,3.644669212594921e-09,4.4152855868402926e-15,1.739553374983623e-26,0.001084013226390303,6.644482657535613e-08,2.205800624159901,3.576515271001131e-10,8.780045153565916e-08,1.8680430870978924e-12,5.220052191593265e-22,0.0010982937876382493,1.3667592515874807e-06,2.0804702189294004,3.4802423110797596e-08,1.8579580259549815e-07,1.3801902149970124e-12,4.498067205138079e-22,0.07422586364685771,1.1746762866097976e-06,0.9999301730561807,0.0007539731016584849,0.0004892127553022953,4.370931339509259e-07,1.0001523401861839e-23,0.005258659334287553,0.000644293373753098,0.9998814153479085,0.0010672566407851731,0.0006927858969162394,8.771052811750107e-07,6.563598106438883e-22,0.010586511266414867,0.0009125274869958632,0.9998471498752762,0.001512296366378538,0.0009824356596818834,1.7659151222624336e-06,4.204953697057032e-20,0.021450394197817774,0.001294380578875586,1.0000128591148347,0.0021500266422887324,0.001396955087007017,3.578504557393779e-06,2.7093190714907586e-18,0.04406620419793147,0.001841373443298328,1.0014218599763878,0.003062399685402648,0.001996906066985047,7.34256372131239e-06,1.6648991382875202e-16,0.09328884944851916,0.002634166734577827,1.0088320929412269,0.004403229425617107,0.0028827214140082747,1.5416193147827057e-05,1.0499008496404351e-14,0.21068638926725727,0.0038061087356090705,1.0412223180248175,0.0062927332385032,0.0042431077171093895,3.3697088251125584e-05,6.441478655588662e-13,0.40337603698471297,0.005597772138218327,2.26706930416437,6.659118259684643e-19,2.6681530312802397e-11,2.339298846858233e-18,1.0104652337532828e-32,0.0001366773732737681,1.5294766578337283e-09,2.118062076025848,8.892621718863575e-19,1.3640381255595754e-10,1.9372369181117923e-17,1.7677525155414234e-30,0.0002735603901619671,4.401405299254607e-09,2.163351278616036,1.54915832685003e-18,8.591037666331904e-10,4.524484718798481e-16,3.533882009709348e-28,0.0005477951383219156,2.127083109529498e-08,2.03218111061798,4.325655768413468e-14,5.025742551464112e-09,3.745524908672834e-15,4.9440306561692636e-27,0.0010988992189662615,6.120063432814087e-08,2.190887987773212,2.8064303628681505e-10,3.101100235134598e-08,1.2229717447636158e-13,3.556958274247684e-24,0.0044373543449176805,3.497098723028847e-07,0.9999043222265852,0.0006593496847053658,0.0003127976551121762,1.248574866754309e-07,7.208604160888e-26,0.0023903474699643974,0.00035213122205689495,0.9998138809233512,0.0009328867018350438,0.00044244684589948884,2.4981334088328403e-07,4.7344826427002144e-24,0.004794017399504718,0.0004980687362443215,0.9996415732465112,0.0013201744010738732,0.0006260023761717611,5.000935625782538e-07,3.0360396472225265e-22,0.009641667443127928,0.0007046610870887459,0.9993014744413848,0.001871761105810642,0.000886111469086451,1.0020488708021704e-06,1.9619639571952098e-20,0.01950433259182289,0.0009973440873725353,0.9987208844442312,0.002650834933148159,0.0012554160441112657,2.011498870755828e-06,1.202949482211806e-18,0.039902693402287144,0.0014127016223706636,0.9982393838196489,0.0037932733664319098,0.0017805105916018351,4.047600866006807e-06,7.630042229468501e-17,0.08370086866461497,0.002002711815353072,0.9995580148216195,0.0053997055587662116,0.0025348889325221176,8.20961085305989e-06,4.783168960376926e-15,0.1837224893677078,0.0028490293073539018,2.2590967126117754,5.540811430543577e-19,4.17645351753733e-12,4.863131585178952e-20,4.122641904923215e-36,0.0001366773732737681,2.2052509120684993e-10,2.1360691375021177,6.625088049284211e-19,2.448999180315233e-11,4.5596292919749205e-19,7.2336299432122365e-34,0.00027356040039802556,6.75250222713059e-10,2.1726778535558906,8.034339115278554e-19,1.3943781674714134e-10,9.428455310911158e-18,1.4402212351081948e-31,0.0005477951383219156,3.070574617032536e-09,2.1096338793470597,1.1835325019827097e-18,1.153162512909227e-09,1.9418786997468498e-16,4.871828684453725e-30,0.0010982977490625657,1.3935098000819524e-08,2.19896329396032,3.4247725814308503e-18,4.751861034126353e-09,2.5418900596267646e-15,1.4523477972721982e-27,0.002207506415210458,5.0416953065037435e-08,0.9999298133869358,0.00044339388780214987,0.00019834323195603106,4.905709284357871e-08,1.3253284393225737e-28,0.000655561368891179,0.00021989967398991292,0.9999115664605738,0.0006271482947786122,0.0002805234846339086,9.81351313843561e-08,1.8749810542907544e-25,0.0013119669632405092,0.00031100417558300883,0.9999073083310733,0.0008873451615976859,0.00039681197443059666,1.9637092216878567e-07,1.435456419450812e-23,0.0026262858472992055,0.000439905285790145,0.9996438499641334,0.0012560391307152598,0.0005614346277186318,3.9314323094593935e-07,1.133823564557866e-21,0.00526062823604224,0.0006223417821566167,0.9985115033240297,0.0017796056197883388,0.0007947057357208204,7.878821719053861e-07,5.305476047122129e-21,0.010555907472317582,0.0008807426437530253,0.9969056357558708,0.0025252808742708237,0.001125284530895589,1.581003226429195e-06,1.9135526230682163e-19,0.021252094483417652,0.0012466870117136205,0.9941027086443213,0.0035759553687834734,0.0015965653241858556,3.186678650339799e-06,1.0322897121992543e-17,0.04309180553446498,0.00176763412778153,2.2031694225177914,5.07001951695749e-19,2.366925361463168e-12,1.1880691400233626e-20,1.1588819135206879e-38,0.00013669605653133035,1.0899858439554904e-10,2.1689287395489134,5.362454746864893e-19,2.367456665325653e-11,4.494356100526976e-19,4.035574658849785e-35,0.0002736352459262847,6.703993088578378e-10,2.2169305684592135,6.449157072751839e-19,9.215216259575689e-11,2.3873462995689087e-18,4.375172657910123e-33,0.0005479452191892714,1.5450547975264492e-09,2.2050647374139376,7.870950264784017e-19,1.8381424069361038e-09,7.905629132174903e-16,9.205861435367829e-29,0.0010970921541360447,2.811685913061872e-08,2.1329359580603886,1.0028737746592908e-18,3.2818818913557645e-09,6.720265408127444e-16,8.09233167932073e-29,0.002205072558313981,2.5921106108525724e-08,0.1133879781420765,0.15163934426229508,15.198712334096863,0.4944008305023391,30,0.11172139426266,5.023897978892479,tpehg1029,2,1029,38.6,31,28,0,2,72,no,no,front,no,no,negative,no
0,1.9990831961189932,0.002775186568491646,0.0014884610934652513,3.1507781892192235e-06,3.189773767406868e-11,0.7835559973479116,0.0017749991317363599,2.143550826974805,0.0038554919278571175,0.002071913078576777,6.068805184943191e-06,1.1247070160913908e-10,1.2811950944582764,0.002463430844507337,2.0636741801130123,0.0015135021411335726,0.000887092552585765,1.3694572182122281e-06,1.3762053419744635e-11,1.0962435013941858,0.0011699663931491826,2.0062687293576817,0.0002553533918326625,0.00023739494784515622,2.1683188704959246e-07,1.719546380038613e-12,1.1251217196255194,0.00046425113869868486,1.9564289724480717,0.00020062434596180404,0.0002132316228748086,1.8459668990055704e-07,7.032014550823862e-13,0.9757351265434379,0.00042648275062245715,1.9549355804371573,0.00021981119281283632,0.0002507241892374541,2.544373139662718e-07,3.9627318763812084e-13,0.944455283830178,0.0004989644366583757,1.9649982213990067,0.0002849909550910431,0.0003117924517577665,5.566593432388151e-07,3.0782025732555526e-13,0.7269544915470301,0.0007380805198857204,2.171251014139773,0.0008142990591339836,0.0004133937963533632,2.3129105496478775e-07,6.57492627838627e-14,0.922678278402841,0.0004809272028784955,2.121308309644297,0.005536366073521615,0.0028276482950639454,1.0764281299424193e-05,4.038336948656411e-10,1.4572653373876296,0.0032808928759529214,1.6571250340845545,0.002167617324064729,0.0012470180166191031,2.5250495873860954e-06,3.210161033782207e-11,1.4557692503474808,0.0015883118812965334,1.9218034486353572,0.0003564281152235373,0.00029850684907217057,2.658045760946957e-07,1.2940583294478688e-12,1.3384544609488016,0.0005149091111777969,1.9625185073124913,0.00022014449551178427,0.00022846567808994052,1.6484509421714927e-07,4.6689213062804e-13,1.1107009977384823,0.00040597599040609285,1.223112034538744,0.0030435003220964027,0.0016182362093164423,3.830632498277866e-06,1.7578189930179352e-12,0.6116130094616825,0.0019465823030642864,1.8908237984286755,0.004312471843017071,0.0022903732845663168,7.662852547384913e-06,7.451909766522478e-11,0.8924721514881705,0.0027532271208080598,2.0857800766206642,0.005907425241313517,0.0031998083809190296,1.5121174395995742e-05,1.163143303752318e-09,1.227261075415682,0.0038674743860277272,2.0584441711892185,0.006227943157856254,0.003499545408449214,1.9459149348527622e-05,7.388792268152151e-10,1.391365726740956,0.004374501378256708,2.0198186522960913,0.0017460642925589418,0.001092284726145385,2.8549596369098103e-06,7.733038318200278e-11,1.957992728869921,0.0014923775571930595,1.9761077304946342,0.001654152205086335,0.0010168775843283845,2.927005513495482e-06,2.153140746660303e-11,2.02537432040956,0.001319027260328163,1.9481881330996356,0.001686986916317934,0.0011256045990245052,4.5471745292518946e-06,2.75242001780701e-11,1.9013483209954025,0.0015609178289474892,2.105542410338261,2.6621650326785402e-05,1.685416610594391e-05,4.890189050011467e-10,5.065581216981246e-19,1.4375579527757498,2.2113766031210957e-05,2.043866380534668,0.0006732965634695837,0.0003742600000686872,2.1173531115703692e-07,1.4449028556886166e-14,1.2024189715793208,0.00046014677631227974,2.0490842499368287,0.005060271952726635,0.002731279999890455,1.0794120685478287e-05,1.2554924388604468e-10,1.6147741235028177,0.003285372360936367,1.7262143199103661,0.008756025308862598,0.004898212754090252,3.609528126024564e-05,2.9218592995030616e-09,1.812192484659739,0.006001152762460129,1.952913980293145,0.0018627790244367991,0.0012075711421217095,2.847070355126566e-06,1.2061219564607445e-10,1.9016402309224127,0.0016864475402127586,1.052983219147572,0.0026581835233483357,0.0018600690749534295,6.496709096821131e-06,1.7445870945936433e-13,0.47828276617993243,0.002548730069166049,1.1994518085734427,0.003779245048390964,0.0026313825063652885,1.3000624617692146e-05,1.0325635444297615e-11,0.5846044510357814,0.0036054231634330166,1.5646886337736365,0.005312071216171385,0.0037236141644950405,2.6027596065116983e-05,5.030185511176366e-10,0.7331797908186171,0.0051013449061233385,1.9975744502146318,0.007215776623752973,0.005215320439906005,5.17593129371711e-05,1.414052845196889e-08,1.0056768596563797,0.0071936050386470045,2.0294937352945666,0.006761828477012869,0.00631295979258145,9.172524933170239e-05,8.953099339505083e-08,0.5951773800233056,0.009575163630911158,1.976359738468926,0.0034507511626079975,0.0045250347838067815,6.356415182059307e-05,2.1354014089403605e-08,0.49454851325624877,0.007960782643646218,1.9139241487167262,0.0025644286530208775,0.003257232934236318,3.9269840670995375e-05,5.887388130198802e-09,0.7439566732678603,0.006182746164506518,2.0515725530573485,7.070125670373467e-07,9.015181698236847e-07,3.354625230423152e-12,1.6643245367044413e-22,0.4747367776506008,1.8315633017278867e-06,2.03068493321424,1.3945857736413406e-05,1.4658974466675503e-05,7.125320424338732e-10,1.1550164474561513e-17,0.6147296292779784,2.66932952509814e-05,1.9890165646809868,0.0002625849299978144,0.0003403967526055327,4.03016587101381e-07,1.9136807433013852e-13,0.49977207172824956,0.0006348357582108504,2.0504820874960283,0.004239253232275722,0.0026856161478441545,1.2234522854433076e-05,3.925365112798035e-10,1.336506189827825,0.003497759192758545,1.9839326189741582,0.00921385741767573,0.007482056781495612,0.00012185581656767336,9.57450348290871e-08,1.2119089449222955,0.011038002598552435,1.0117416199809657,0.004987155398026422,0.003234521580251956,1.9210475519810933e-05,1.1015532203005689e-13,0.26909401648737036,0.004382882619471672,1.0464504606420564,0.007049433489173468,0.004573924641408696,3.840709514624843e-05,6.903650874660143e-12,0.4819990746056267,0.006197204881869385,1.1793192392491885,0.010012474586576064,0.006466423331851716,7.675372302887463e-05,4.074786184999918e-10,0.5916249831399849,0.008760692448687565,1.5990163447106553,0.014180280063839317,0.009137560036267155,0.00015326330686306463,1.9361278061742094e-08,0.7378714615636729,0.012379545574116642,1.9663459025850436,0.01918746287152824,0.012824229717934715,0.0003042388878690101,4.812755871099608e-07,1.136580611114936,0.01744157189987724,2.028504545948145,0.021150817341400133,0.015293330530684747,0.0005080865448088381,3.5297661226264925e-06,0.9810681248030224,0.022538299306161056,2.006490392738771,0.01041855038196247,0.010051171846735898,0.00032887184756330015,1.4565862755179728e-06,0.9236151937444264,0.018119652395767884,2.0473083527123515,5.0051191604865997e-08,8.965694816598933e-08,7.543838842114795e-14,1.758144987389584e-25,0.30167378447453447,2.746604907245534e-07,2.0551376023485237,1.5349573453212373e-06,1.805148683357612e-06,1.2286943609997554e-11,3.274720789686921e-21,0.4774927356683251,3.505267626063037e-06,2.0431112485228056,3.4595520092378314e-05,3.2712573785247534e-05,2.9348279821230053e-09,7.720616632219685e-17,0.5966128238700124,5.417400060154247e-05,2.0221708026855767,0.0007300598413458406,0.0006993675321227213,1.3269392835294096e-06,4.26942416831836e-12,0.6446259145140381,0.0011519283574567335,2.04189882183855,0.010524425261360007,0.007249100472023048,9.70538765715169e-05,1.8180246178606416e-08,1.121892806687005,0.009851182400060794,1.0026072994848507,0.006745204071057441,0.004530134167242665,3.6603896734023945e-05,2.869852367344178e-14,0.11539750198580669,0.006050046530316199,1.0106101258499107,0.009538331361055965,0.006405711670610172,7.318387150996936e-05,1.8274242522592867e-12,0.2583887026171232,0.008554669744405736,1.042275841750887,0.013489473173490578,0.009057119018598046,0.00014626253462198866,1.14722496804511e-10,0.46263452729886684,0.012093806378850465,1.1636443458350485,0.019157091834591,0.012793847577961972,0.00029210551954739775,6.818310012119708e-09,0.5844912142224808,0.017091014647343267,1.5633297207264445,0.02695202456593063,0.01809175587853724,0.0005825304804741968,3.298154370712788e-07,0.7493433176704841,0.0241356531207483,1.9635416269026338,0.037861439026086,0.025297950388577104,0.0011557527510356938,7.781822127527335e-06,1.165547168488989,0.033996228259981075,2.034988808378886,0.045405315835514895,0.03149165808012582,0.0019298082266982635,2.496949155898111e-05,1.1041885112955458,0.043926692006145726,2.004855674609301,6.976830971530633e-10,6.666882113667177e-09,3.2353105819852994e-15,1.60649526416583e-26,0.11050524479788743,5.6879790369184885e-08,2.0435225712109166,7.07949395758805e-08,1.6412469206032517e-07,8.619021924518026e-13,7.454354255277924e-24,0.19305672727821138,9.283868718961984e-07,2.065338204278781,2.804168635997475e-06,3.148877030941806e-06,4.945701282635342e-11,2.7819707806634647e-19,0.44581301195209944,7.0325543057915616e-06,2.0463620456095506,5.971317069334432e-05,5.9332364642174535e-05,1.0438313687208551e-08,1.049637090100386e-15,0.5161248230082498,0.00010216805078695426,2.0277965140767336,0.0012487466679332428,0.0011123857667033215,3.304161772578444e-06,2.850557917618207e-11,0.7068786964548158,0.0018177242185883381,1.000640050109998,0.0030503806779051956,0.002027402795871683,7.601114373753792e-06,2.108414109364033e-16,0.05620891243056419,0.002756921679246666,1.0027345812788044,0.004323806304394882,0.0028676163342724855,1.5202139679605855e-05,1.346461403376259e-14,0.12179959282374106,0.003898879008425287,1.0112006035050651,0.006110037187511359,0.004056560303687931,3.040217751649879e-05,8.549036703951279e-13,0.26054638353437365,0.005513695004452487,1.0448122630055479,0.008638494456663046,0.005740046572222649,6.0795987130337117e-05,5.308257227326275e-11,0.45314942800333496,0.007797091151182927,1.1792659803220715,0.012201758102304203,0.008123780801664936,0.00012155818412559586,3.0265367485400452e-09,0.5772032550392091,0.011025338396595344,1.6619216498125489,0.01777640431109564,0.0115461509774955,0.0002430847610878978,1.2580496464692913e-07,0.6993808374493882,0.015590851031300134,1.981930761654939,0.025936415786365904,0.016323156115640242,0.0004832626526606895,1.8112881233642436e-06,1.2148379341950397,0.02197824508740819,2.207686803372061,3.519479798484497e-18,1.4635834929014819e-09,4.361529609431855e-15,3.1612776339156724e-26,0.0006879275162471382,6.604187769462285e-08,2.077096757147799,1.1679085531084098e-10,1.5345879501044802e-08,9.136363296145457e-14,5.467611511008137e-24,0.009954789929973396,3.022641499683651e-07,2.108475717628403,3.280873063674112e-08,1.6221897394410934e-07,1.8144225101581225e-12,1.9292073382062127e-21,0.08599386126659063,1.3469998267534432e-06,2.082021949601073,1.5291861439995312e-06,2.727613229217389e-06,1.2165975826510128e-10,1.3286871309915639e-18,0.19571500589830793,1.1029946176777553e-05,2.0309653050890217,3.338416071150032e-05,3.874774774021179e-05,5.628008626419246e-09,5.478741836011109e-16,0.48531000376386213,7.501978251399725e-05,1.00016006139259,0.0008979111910238007,0.000560201525464884,5.136208703941442e-07,2.2304073290876826e-20,0.028613785357648185,0.0007166717104023038,1.0008280141573802,0.0012706431377843713,0.0007922669376617477,1.0270800510636366e-06,1.4895665538447326e-18,0.05982250240659082,0.0010134478843954232,1.0032618467505443,0.001798083118126856,0.001120530353619467,2.053526098083103e-06,9.674772090791509e-17,0.13165030356896448,0.0014330122577082744,1.011173923971465,0.0025450934801399187,0.001584815750014976,4.104514038087954e-06,6.249621570289027e-15,0.2985494331849404,0.002025959508910224,1.0404643532104203,0.00360027455899336,0.0022421974456927796,8.198823368198034e-06,3.630781360892281e-13,0.4980881391790227,0.0028633348154782595,1.1635302908940333,0.005173794603186302,0.003172909613259624,1.6356922920305423e-05,2.132356563996036e-11,0.5949915784907954,0.004044158085020643,1.612089363870114,0.007514789289371145,0.004494964068807863,3.255943637090341e-05,1.0066124797862183e-09,0.7816276442928219,0.00570452930352129,2.1710009140492583,9.999137088372697e-19,5.292457527416215e-10,8.602037083424179e-16,1.1617352640395578e-29,0.00013669605653133035,2.9329229589991195e-08,2.165431234234358,3.257122923601053e-18,6.235516340569788e-09,3.7845302690562706e-14,3.055273309481366e-25,0.00027359780268422875,1.9453860611101356e-07,2.210879799891481,6.075999372723723e-11,2.222727892960961e-08,1.698514450128628e-13,2.939747625129487e-23,0.0005545585740514929,4.1211409725862435e-07,2.202773945147457,1.1959988186322567e-08,5.438934238347042e-07,6.916682557919679e-11,7.101961163555246e-19,0.0011097078928346282,8.316632076558816e-06,2.0814389150236674,6.077720615196839e-07,1.4255546725203195e-06,5.15857033840612e-11,6.070194934187194e-19,0.11292882089711627,7.181697255537432e-06,0.9999359781716554,0.000490493970308153,0.00031345463122275344,1.8193681202983285e-07,1.9124753333844316e-22,0.011465036331503612,0.0004265405040129007,0.9999690367279289,0.0006925955280881234,0.0004430847512196363,3.636999767521582e-07,1.2233183538171423e-20,0.023320347333099595,0.0006030754156253514,1.0002741554903092,0.0009781367753522556,0.0006259944394060008,7.266575921219867e-07,7.819158744384146e-19,0.048275572455305206,0.0008524421150202516,1.0016679893037892,0.001378686766329178,0.0008835274337344104,1.4503548317711444e-06,4.988762007335013e-17,0.1038490682665201,0.0012043067674859067,1.0077377989145615,0.0019417472961801344,0.0012445177430148932,2.888940352929907e-06,3.166412654444632e-15,0.2206054496339707,0.001699688304521385,1.0343289862402976,0.00271585073310466,0.0017472637813228241,5.734407829911555e-06,1.977670715050895e-13,0.3182358492407759,0.0023946623620403743,1.1469126777406948,0.0037641377471944646,0.0024314325896536743,1.1287026412524756e-05,1.1655211580212573e-11,0.3053816495511819,0.0033596167908118008,2.157391296182708,5.651661128949984e-19,1.7527399685662884e-11,1.127841722008927e-18,2.0075822785748088e-35,0.0001366867129871646,1.0619989274988836e-09,2.167200960349122,8.942434535351518e-19,2.1520023967735704e-10,4.840078069409977e-17,5.422798543963948e-31,0.0002734855139921054,6.957063756426262e-09,2.2189659831234536,1.5793468098056125e-15,7.273897686674791e-10,2.066220075951008e-16,4.15395657032364e-29,0.0010926254728278952,1.4373748440443938e-08,2.200810816952873,6.16280676878964e-11,1.9146949463345157e-08,8.816343501249956e-14,1.1604554425015926e-24,4.178247625066398e-06,2.969223029046023e-07,2.066891101324079,9.277148235848547e-09,4.4065755241583726e-08,6.462433553397793e-14,9.932991903803436e-25,0.10669180457610744,2.5418324138485696e-07,0.9999085463662972,0.00031540037177667354,0.00018698748746988822,5.64137332399879e-08,3.642079275249431e-25,0.005881713173094984,0.00023715307262753017,0.9998322019016027,0.00044603352026075047,0.0002644410762045379,1.1281493351050546e-07,2.3315301374026076e-23,0.011867978405196907,0.00033536239194089886,0.9997247495444981,0.0006315876910651223,0.00037401097614457124,2.2561265313503178e-07,1.4910809562140464e-21,0.02416431368377028,0.0004742477973682182,0.9996725097206663,0.0008923038829428712,0.000529027237527856,4.511566224866217e-07,9.533406173502531e-20,0.05014667598589843,0.0006706134359664104,1.000269592811162,0.0012679986877948356,0.00074842836126171,9.020398277028242e-07,6.058265688581752e-18,0.10846075065841071,0.0009481806583896174,1.0043620961346549,0.0018015439163569943,0.0010584314196558139,1.8009231822536292e-06,3.832895740071936e-16,0.25393594071612935,0.0013394822933683298,1.0240318197892508,0.00254413920983128,0.0014988224354471123,3.597701863136236e-06,2.379701473035177e-14,0.47281678070824495,0.0018926565202399851,2.268951362225113,4.231798111178411e-19,5.06443552174624e-12,8.774256135607592e-20,1.4304314916063563e-35,0.0001366773732737681,2.9621370892663895e-10,2.1153310183468066,5.589854969061846e-19,2.761991267264904e-11,7.423361457476222e-19,2.4684747492688566e-33,0.0002735603901619671,8.615893074967728e-10,2.177591201029893,7.404745067694536e-19,1.8296048471457246e-10,1.7647141554328958e-17,5.103509684586577e-31,0.0005477951383219156,4.200849031068052e-09,2.06327411816998,2.44748174122312e-16,1.1009283309069672e-09,1.6708425286720318e-16,6.580205435905883e-30,0.0010988886029843,1.292609141124397e-08,2.1809049549213824,4.1832383940309076e-11,6.287740707473989e-09,4.772022832349739e-15,5.036431186886928e-27,0.0023613048967797536,6.907978417263228e-08,0.999893395029267,0.00021047529221008301,0.00013180944475947245,2.8700383216489967e-08,1.3491126513443635e-27,0.0016429398803987374,0.00016928739942064397,0.9997951436075881,0.00029773299886548836,0.00018653268202698184,5.748031428303985e-08,1.0333392178114077e-25,0.003292619966585041,0.00023958296483160015,0.9996087926671703,0.00042148919981442937,0.0002641371472001089,1.1527051692118766e-07,6.591141923553132e-24,0.006613076959373251,0.0003393012372674485,0.9992295477548413,0.0005967263001893663,0.0003745077459195849,2.3177678716045948e-07,4.347154193155087e-22,0.013334412668874557,0.0004811895171063555,0.9984836861678825,0.0008484861171066861,0.0005323479069985202,4.684664310213242e-07,2.2593684008102308e-20,0.02711057009077721,0.0006842434191593423,0.997389348664031,0.0012219305159187365,0.0007608860863014047,9.568603013751301e-07,1.4225216769329457e-18,0.05619718630305935,0.0009781438461072402,0.9966477144225668,0.0017831929048138517,0.0010975540652030968,1.989549675314124e-06,8.928147776393397e-17,0.1208330132337642,0.0014103020109413936,2.2048016826682284,3.49293557262767e-19,5.737418642358491e-13,6.871603099158964e-22,4.559041307572994e-41,0.00013669605653133035,2.6213742768172117e-11,2.188460156093289,4.0941254011993527e-19,5.017322305907155e-12,1.961926296911617e-20,1.3715140604517682e-37,0.0002736352459262847,1.4006870350758188e-10,2.1676429481060144,5.188156159572606e-19,2.0595158338420987e-11,9.791871960018812e-20,3.1179411876507995e-36,0.0005479452191892714,3.129082434785305e-10,2.203663326385026,7.55773418993775e-19,3.7280477548822083e-10,3.220152095138848e-17,1.5924919097838336e-31,0.0010976942897303495,5.674619095462958e-09,2.13090930431885,4.344888342011252e-17,7.433699653098941e-10,3.2265833143592777e-17,1.6146832092537553e-31,0.002205072558313981,5.679753180491571e-09,0.9999632725197688,0.00018423838568758114,9.10453463212926e-05,1.3813649065528358e-08,4.108602015114237e-30,0.0006422149384446221,0.00010410725870822434,0.9999950139389994,0.0002604224089439181,0.00012872993756999344,2.7622883401357894e-08,8.437245477893169e-27,0.001286679638612011,0.0001472009333123369,1.0000991059296283,0.0003679389179691284,0.00018196345679410977,5.522467167922284e-08,6.520975553019278e-25,0.0025821766013275904,0.00020808490289659674,0.9999475008884428,0.0005193039716504176,0.00025708607983825104,1.1036521814616215e-07,5.161704443887599e-23,0.0051984807293443845,0.0002940262428492738,0.9988352504025382,0.0007319665388756643,0.0003628713705503968,2.2039598514934052e-07,2.1186591808203604e-22,0.010528370402435766,0.0004151109203431699,0.997615302868506,0.001028024496082244,0.0005114161952790362,4.39687687728959e-07,6.739633652895241e-21,0.02162119886256145,0.0005852279260049871,0.9957826253264922,0.001432255025523739,0.0007176751069805936,8.742060330708492e-07,3.4777923832835157e-19,0.0456985015867092,0.000822124846123531,2.2209362616217216,3.3325659313689517e-19,1.6801962290550606e-12,5.3803976635423086e-21,1.1437289213861649e-38,0.00013669605653133035,7.335119401579164e-11,2.166210889746759,3.9289838325349985e-19,1.4836142902411345e-11,1.5277192908693465e-19,5.589514766541171e-36,0.0002736352459262847,3.9086035077677046e-10,2.203957239402133,4.551280079164767e-19,6.30280220629598e-11,1.0782735703403926e-18,7.892245309523316e-34,0.0005479452191892714,1.038377012881642e-09,2.19345269890309,5.745679252854586e-19,1.0655610703822995e-09,2.461903265407919e-16,8.77537940544934e-30,0.0010988998839285898,1.56904027921177e-08,2.1523721991459257,8.463017195928035e-19,2.207009773729021e-09,2.9718263815616957e-16,1.1330620265228776e-29,0.002202644062342183,1.7237881411715373e-08,0.14549180327868852,0.16051912568306012,8.515849067406034,1.0682332553220895,35,0.10961822623958495,12.338971219675836,tpehg1029,3,1029,38.6,31,28,0,2,72,no,no,front,no,no,negative,no
